% Ascii stylus data file created by FastSCAN V4.0.7 on Tue May 18 10:25:13 2021
% raw surface, 56 visible points, bounding box reference
% x y z dx dy dz
  266.5699  596.5359 -1469.3506    0.7038   -0.6903    0.1680
  271.5274  608.2491 -1483.1047    0.7399   -0.6645    0.1050
  273.9863  627.9375 -1490.3699    0.7481   -0.6560    0.0996
  288.6410  629.2089 -1474.8860    0.7400   -0.6607    0.1256
  297.2290  635.9988 -1453.5338    0.7485   -0.6430    0.1620
  260.7314  591.0497 -1525.3069    0.7466   -0.6639    0.0433
  271.7841  608.2820 -1517.1833    0.7761   -0.6273    0.0652
  269.2008  635.5056 -1517.3203    0.7595   -0.6492    0.0400
  287.5959  638.2737 -1515.1978    0.6935   -0.7204    0.0044
  325.3360  641.0558 -1507.0696    0.6782   -0.7349    0.0052
  217.2129  635.9528 -1589.7983    0.5280   -0.8014   -0.2810
  249.9740  635.1097 -1578.6489    0.3811   -0.8206   -0.4259
  267.1248  644.6043 -1578.9543    0.4306   -0.8010   -0.4159
  294.3776  631.8360 -1575.9255    0.3868   -0.8332   -0.3951
  313.8780  639.1161 -1582.8721    0.4601   -0.7940   -0.3974
  224.3147  685.9372 -1632.0276   -0.5473   -0.8354   -0.0499
  246.2119  663.0800 -1632.2546   -0.4525   -0.8874   -0.0887
  259.4754  655.4717 -1634.8718   -0.3661   -0.9238   -0.1118
  279.0995  668.3849 -1639.5436   -0.2752   -0.9445   -0.1796
  292.4625  682.1000 -1646.7356   -0.2906   -0.9309   -0.2213
  192.6032  672.4588 -1676.7048   -0.4918   -0.8585   -0.1454
  223.8732  668.0515 -1685.2527   -0.3817   -0.8939   -0.2350
  247.7666  674.1168 -1691.3779   -0.3085   -0.9067   -0.2878
  270.8859  666.5506 -1696.1311   -0.2882   -0.9192   -0.2683
  294.4137  649.7599 -1697.0483   -0.2565   -0.9444   -0.2057
  203.6003  664.3336 -1759.9369    0.2152   -0.8898   -0.4025
  215.9195  690.3561 -1755.2920    0.1807   -0.8864   -0.4261
  238.5429  700.3375 -1756.5842    0.1086   -0.9001   -0.4220
  253.5066  687.2977 -1757.9039   -0.3219   -0.8832   -0.3411
  267.4424  647.5794 -1760.9338   -0.3834   -0.8653   -0.3230
  186.1169  737.3652 -1809.0193   -0.6087   -0.5996   -0.5196
  208.3481  738.0438 -1807.0822   -0.5889   -0.6213   -0.5169
  236.4757  731.8891 -1809.9597   -0.5555   -0.6379   -0.5333
  253.0205  712.5684 -1814.4374   -0.5582   -0.6697   -0.4899
  269.7081  690.4794 -1826.3149   -0.5245   -0.7156   -0.4614
  199.6950  788.9109 -1855.6836   -0.7148   -0.4483   -0.5367
  217.2179  769.0657 -1858.1597   -0.6549   -0.5253   -0.5432
  233.1941  755.2126 -1866.7925   -0.7277   -0.4670   -0.5023
  233.5359  726.5290 -1875.2280   -0.8517   -0.3989   -0.3397
  232.1996  707.7393 -1876.6985   -0.8441   -0.4445   -0.2998
  209.2593  820.3653 -1914.6060   -0.8614   -0.1904   -0.4708
  223.2585  804.8593 -1917.7461   -0.8375   -0.2149   -0.5024
  228.6862  793.7969 -1920.4282   -0.8418   -0.2190   -0.4934
  212.5840  771.9768 -1928.5696   -0.9751    0.0717   -0.2099
  183.2477  740.4048 -1920.7480   -0.9830    0.1740    0.0585
  230.9673  849.7453 -1965.8689   -0.8902   -0.0320   -0.4544
  233.0842  833.4078 -1979.7173   -0.9185    0.1233   -0.3758
  223.8894  820.2875 -1983.8240   -0.9313    0.3307   -0.1527
  196.4350  819.8599 -1988.1487   -0.7908    0.6077    0.0732
  178.8390  824.9254 -1990.5493   -0.7121    0.6968    0.0860
  229.4262  859.8111 -2027.0664   -0.8836    0.4680    0.0103
  227.3200  858.5403 -2032.6575   -0.9006    0.4334   -0.0317
  210.8056  849.6994 -2039.8005   -0.7672    0.6406    0.0318
  188.5646  854.5652 -2036.9187   -0.5081    0.8571    0.0852
  178.3018  862.8181 -2033.7341   -0.2193    0.9663    0.1345
  212.1605  915.9349 -2181.5173   -0.7617    0.6286    0.1574
