% Ascii stylus data file created by FastSCAN V4.0.7 on Tue May 18 10:58:24 2021
% raw surface, 71 visible points, bounding box reference
% x y z dx dy dz
  360.5363  341.7644 -1324.1675   -0.0066   -0.7590   -0.6510
  373.2383  348.2295 -1337.0939   -0.0115   -0.7224   -0.6914
  386.2782  348.3317 -1340.1561    0.0469   -0.7074   -0.7053
  396.2716  340.6728 -1336.9497    0.0739   -0.7382   -0.6705
  406.8122  329.0428 -1326.4482    0.0950   -0.8001   -0.5923
  360.4837  398.0410 -1356.2886   -0.3421   -0.4852   -0.8047
  375.2727  382.1396 -1367.9631   -0.2918   -0.4995   -0.8157
  397.0639  376.7788 -1372.0808   -0.1753   -0.5269   -0.8317
  409.3399  364.4699 -1377.5452   -0.1440   -0.5712   -0.8081
  432.8296  365.2957 -1370.1641    0.0013   -0.6186   -0.7857
  392.8263  443.3701 -1398.6727   -0.2458   -0.2975   -0.9225
  393.8014  418.1364 -1412.4700   -0.2944   -0.3004   -0.9073
  406.8886  411.7902 -1412.4238   -0.2006   -0.3534   -0.9137
  422.4747  398.6324 -1419.6047   -0.1590   -0.3832   -0.9099
  440.8159  373.4086 -1424.0294   -0.1159   -0.4582   -0.8813
  391.8446  457.6231 -1416.3638   -0.2873   -0.5580   -0.7785
  394.7216  442.4532 -1434.4939   -0.3582   -0.4454   -0.8206
  406.8742  435.2849 -1434.2683   -0.2473   -0.4670   -0.8490
  429.7288  429.0331 -1435.5095   -0.0628   -0.5005   -0.8635
  447.7361  432.8820 -1425.3197    0.0894   -0.5074   -0.8571
  360.9424  482.5816 -1474.8832    0.0209   -0.8002   -0.5994
  393.1273  480.8658 -1477.1179    0.1549   -0.7107   -0.6862
  407.5269  480.4344 -1473.8542    0.1671   -0.6752   -0.7184
  428.5708  475.0066 -1479.3916    0.2479   -0.6616   -0.7077
  461.0806  471.5091 -1473.0732    0.2932   -0.6808   -0.6713
  368.4464  492.5727 -1513.7434    0.1318   -0.6941   -0.7077
  396.9183  501.7800 -1502.9142    0.2738   -0.6445   -0.7139
  413.4921  511.5906 -1496.4727    0.2801   -0.6122   -0.7394
  441.3330  490.9417 -1498.8341    0.1156   -0.5806   -0.8060
  463.0587  482.0791 -1500.1531    0.1470   -0.6189   -0.7715
  368.5934  537.0416 -1533.0956    0.1419   -0.5013   -0.8536
  401.3885  531.9254 -1527.3743    0.2391   -0.4835   -0.8421
  418.2376  538.0431 -1517.9847    0.2759   -0.4743   -0.8360
  445.6731  531.0311 -1516.7375    0.3019   -0.4604   -0.8348
  470.8864  519.3986 -1513.7769    0.3019   -0.4286   -0.8516
  371.9511  583.0043 -1537.3735    0.1134   -0.2941   -0.9490
  402.1576  573.2188 -1545.9502    0.1549   -0.3196   -0.9348
  421.1090  571.3334 -1543.1621    0.1955   -0.3109   -0.9301
  445.3554  574.6832 -1530.9932    0.3547   -0.3331   -0.8736
  465.6630  583.1636 -1516.9469    0.4399   -0.3379   -0.8321
  414.4108  643.6729 -1551.7117   -0.2872    0.0670   -0.9555
  426.7322  623.7762 -1570.7366   -0.2546   -0.0921   -0.9627
  434.7820  611.9694 -1574.8738   -0.1398   -0.1719   -0.9751
  459.5824  612.4699 -1569.5774    0.3067   -0.4544   -0.8364
  479.7300  612.2861 -1551.4783    0.4605   -0.4773   -0.7484
  407.0423  673.1919 -1578.3340    0.9450   -0.1896    0.2665
  415.3581  661.8622 -1593.0515    0.9367   -0.1769    0.3021
  438.6029  651.0533 -1598.1267    0.8017   -0.0453    0.5959
  457.8007  648.4879 -1602.5012    0.0481    0.0999    0.9938
  478.1189  649.5820 -1596.8059    0.0876    0.1023    0.9909
  404.3981  715.8128 -1631.7435    0.2842    0.1728    0.9431
  427.7400  703.8522 -1636.3179    0.3092    0.1164    0.9439
  445.9229  695.4437 -1636.7786    0.2694    0.1186    0.9557
  462.5169  694.8439 -1628.0791    0.1628    0.1471    0.9756
  480.6382  694.5620 -1616.3271    0.1491    0.1548    0.9766
  407.4743  730.8473 -1666.5322    0.1308    0.0519    0.9901
  429.4288  728.2993 -1655.2751    0.1204    0.0795    0.9895
  445.0930  723.5858 -1648.6676    0.1038    0.0952    0.9900
  461.5460  724.2719 -1635.8049   -0.2275    0.2178    0.9491
  477.3012  727.9413 -1624.6915   -0.1753    0.2330    0.9566
  424.5694  773.4359 -1680.6091    0.5232   -0.1338    0.8416
  439.5516  771.0807 -1682.7922    0.4022   -0.0591    0.9137
  457.2820  764.3060 -1683.6387    0.3766   -0.0259    0.9260
  475.3339  763.7607 -1678.1302    0.0434    0.1187    0.9920
  483.4121  765.2151 -1662.5557   -0.1063    0.2166    0.9705
  453.3086  837.4233 -1702.7834    0.7354   -0.3578    0.5754
  459.7957  833.3734 -1705.3446    0.7223   -0.3547    0.5937
  467.3932  831.4992 -1708.6726    0.7103   -0.3559    0.6072
  480.4239  823.6207 -1714.2844    0.6956   -0.3555    0.6243
  490.8097  824.1454 -1723.2117    0.7153   -0.3425    0.6092
  502.3158  919.2340 -1721.3905    0.7971   -0.3075    0.5197
