% Ascii stylus data file created by FastSCAN V4.0.7 on Tue May 18 09:13:22 2021
% raw surface, 67 visible points, bounding box reference
% x y z dx dy dz
  421.2099    7.8732 -1633.5013   -0.4286   -0.7575   -0.4924
  425.0800   15.0011 -1649.1919   -0.4025   -0.7045   -0.5845
  441.0053   27.5135 -1652.6569   -0.3925   -0.6618   -0.6387
  453.5578   18.6259 -1645.1616   -0.3857   -0.6778   -0.6259
  466.8901   12.4895 -1625.4448   -0.3966   -0.6958   -0.5988
  385.3244   20.2296 -1674.8750   -0.2233   -0.6857   -0.6928
  416.7268   30.1488 -1670.9119   -0.1589   -0.6344   -0.7565
  438.1506   39.2556 -1663.2483   -0.0989   -0.5793   -0.8091
  452.2799   53.6068 -1656.1243   -0.0914   -0.5147   -0.8525
  459.2500   60.3178 -1647.2283   -0.1520   -0.5391   -0.8284
  390.6895   75.6069 -1713.6841    0.0483   -0.0810   -0.9955
  415.2415   85.4779 -1708.0408    0.0585   -0.0447   -0.9973
  435.4825   90.0941 -1697.9906    0.0959   -0.1022   -0.9901
  461.9960   92.4658 -1692.7968    0.2366   -0.1416   -0.9612
  466.1123  100.9137 -1684.0685    0.1962   -0.1397   -0.9706
  395.0364  124.6492 -1699.4438   -0.7915   -0.0645   -0.6077
  417.8180  128.5946 -1716.5625   -0.7387   -0.0734   -0.6701
  442.0391  128.7584 -1723.7231   -0.7089   -0.1121   -0.6964
  461.0706  123.7836 -1734.8779   -0.6666   -0.1597   -0.7281
  484.5802  119.4690 -1741.4167   -0.6435   -0.1696   -0.7464
  423.4783  173.8787 -1701.8066   -0.7905    0.0785   -0.6074
  431.2834  170.3475 -1726.0856   -0.7538    0.0541   -0.6549
  444.0125  158.5273 -1745.2460   -0.7206    0.0008   -0.6933
  457.4340  151.4771 -1762.5693   -0.6905   -0.0627   -0.7206
  466.8219  139.1545 -1784.3809   -0.7008   -0.1208   -0.7030
  456.8147  207.2416 -1725.5820   -0.8200    0.1268   -0.5581
  443.3873  203.7355 -1749.0767   -0.8164    0.1088   -0.5671
  447.4843  185.6441 -1764.2014   -0.7996    0.0903   -0.5937
  458.8825  176.6101 -1786.2649   -0.7721    0.0671   -0.6320
  451.7197  175.4910 -1805.9270   -0.7908    0.0117   -0.6119
  431.0254  241.1943 -1741.1748   -0.8803   -0.0294   -0.4734
  438.7140  237.5382 -1759.7852   -0.8513   -0.0620   -0.5211
  450.4728  226.3595 -1776.0601   -0.8313   -0.0731   -0.5510
  454.9568  220.5688 -1795.7502   -0.8107   -0.0805   -0.5799
  457.6884  214.4674 -1821.6138   -0.7836   -0.1004   -0.6131
  420.4062  283.8977 -1764.3474   -0.8242    0.0317   -0.5654
  439.9550  277.5021 -1781.9478   -0.7871    0.0150   -0.6167
  460.6344  272.7881 -1792.0483   -0.7684    0.0167   -0.6398
  456.4413  268.9489 -1810.0779   -0.8089    0.0292   -0.5872
  440.3082  265.3028 -1832.4871   -0.9289    0.0100   -0.3701
  463.5809  345.0666 -1771.3817   -0.8115    0.3185   -0.4899
  466.7339  335.1551 -1798.5992   -0.7971    0.2420   -0.5532
  470.3769  333.6771 -1813.1418   -0.7948    0.2222   -0.5648
  465.3175  328.5798 -1831.4004   -0.7943    0.2012   -0.5733
  458.9166  323.2503 -1848.0789   -0.8324    0.1764   -0.5254
  458.0177  371.9440 -1785.4650   -0.8916    0.2175   -0.3972
  469.6493  366.3922 -1811.7461   -0.8542    0.2084   -0.4763
  474.5837  362.5456 -1824.2839   -0.8470    0.2033   -0.4912
  474.9226  358.6885 -1843.3357   -0.8249    0.1901   -0.5324
  480.7536  357.3464 -1864.5344   -0.7981    0.1781   -0.5756
  444.2851  415.4548 -1812.6354   -0.8561    0.0888   -0.5092
  467.1538  416.5200 -1825.8896   -0.8213    0.0928   -0.5629
  476.0653  415.8201 -1838.8879   -0.8117    0.1087   -0.5739
  470.8411  415.5132 -1850.7428   -0.8339    0.1066   -0.5415
  468.8864  412.5734 -1868.8455   -0.8416    0.0837   -0.5336
  448.3756  480.0294 -1836.9509   -0.8249    0.1992   -0.5290
  459.6197  493.2418 -1845.1494   -0.8089    0.1849   -0.5581
  474.2832  476.7306 -1856.9794   -0.7871    0.1765   -0.5910
  476.8026  476.6622 -1873.7292   -0.7683    0.1852   -0.6128
  476.4543  479.5780 -1886.9675   -0.7633    0.1773   -0.6212
  465.9903  561.3184 -1859.1627   -0.7728    0.2874   -0.5659
  479.3661  553.8640 -1866.3315   -0.7492    0.2872   -0.5969
  480.8721  554.2271 -1871.4559   -0.7391    0.2755   -0.6147
  479.9785  548.4656 -1883.9641   -0.7294    0.2705   -0.6283
  481.1809  549.5942 -1894.0576   -0.7305    0.2596   -0.6317
  499.9585  690.0637 -1899.1211   -0.6105    0.4776   -0.6318
