% Ascii stylus data file created by FastSCAN V4.0.7 on Tue May 18 09:01:04 2021
% raw surface, 61 visible points, bounding box reference
% x y z dx dy dz
  207.9084   29.4122 -1254.1886   -0.2975   -0.9542    0.0328
  214.8379   36.5775 -1259.4277   -0.3161   -0.9486    0.0156
  224.8574   41.8844 -1266.6289   -0.3216   -0.9468   -0.0088
  238.0157   38.5717 -1267.2988   -0.3032   -0.9529   -0.0115
  249.1767   31.9750 -1259.7706   -0.3374   -0.9413   -0.0087
  197.9061   19.3561 -1276.0259   -0.2206   -0.9752   -0.0170
  208.1418   34.5721 -1285.7340   -0.2441   -0.9684   -0.0509
  225.7569   47.0090 -1286.6440   -0.2640   -0.9626   -0.0609
  240.2039   30.2236 -1287.8844   -0.2936   -0.9527   -0.0788
  252.2778   20.3910 -1287.2321   -0.2797   -0.9562   -0.0866
  193.1077   35.1531 -1318.9393   -0.3178   -0.9391   -0.1305
  208.5898   43.4496 -1318.4697   -0.3051   -0.9401   -0.1518
  221.0583   56.1097 -1318.4575   -0.3195   -0.9344   -0.1577
  239.5092   41.9787 -1314.6387   -0.2768   -0.9479   -0.1579
  255.5729   45.0051 -1326.3048   -0.2527   -0.9460   -0.2032
  189.4444   77.3004 -1352.4226   -0.3969   -0.8651   -0.3066
  206.5208   65.0352 -1355.2209   -0.3610   -0.8823   -0.3021
  218.2028   72.1716 -1357.9086   -0.3479   -0.8824   -0.3166
  231.6530   72.8576 -1358.5483   -0.3102   -0.8888   -0.3375
  240.6896   89.1721 -1360.3018   -0.3330   -0.8787   -0.3421
  206.1847  106.3161 -1375.4495   -0.4063   -0.8327   -0.3762
  210.2083   89.5845 -1387.6382   -0.3927   -0.8345   -0.3864
  220.2903   83.5526 -1392.1560   -0.3637   -0.8417   -0.3991
  231.9487   81.2683 -1390.8645   -0.3401   -0.8576   -0.3859
  250.4333   91.1301 -1392.3013   -0.3117   -0.8681   -0.3862
  184.3948  111.8255 -1414.6028   -0.4650   -0.8092   -0.3591
  202.8174  103.9638 -1422.7524   -0.4183   -0.8185   -0.3937
  217.9104  101.2975 -1424.9431   -0.3894   -0.8349   -0.3889
  233.7328   90.0139 -1425.3729   -0.3503   -0.8499   -0.3937
  250.7777   87.0439 -1431.5571   -0.3165   -0.8553   -0.4103
  177.8074  113.7704 -1458.6565   -0.4250   -0.8334   -0.3532
  198.5318  113.5062 -1460.1570   -0.3982   -0.8439   -0.3595
  216.9955  129.3904 -1468.0609   -0.3867   -0.8321   -0.3975
  231.4696  123.9098 -1470.0654   -0.3676   -0.8463   -0.3855
  254.4501  129.0449 -1474.0580   -0.3344   -0.8506   -0.4059
  181.2014  175.1148 -1500.6593   -0.4951   -0.7268   -0.4760
  199.6524  169.9435 -1507.2977   -0.4694   -0.7256   -0.5032
  217.5451  160.9461 -1508.6682   -0.4360   -0.7441   -0.5061
  229.3353  147.8311 -1517.7178   -0.4225   -0.7504   -0.5083
  245.9933  136.8139 -1525.7233   -0.3803   -0.7710   -0.5109
  199.7398  221.9940 -1545.3398   -0.6463   -0.5917   -0.4819
  206.9823  206.8476 -1555.2148   -0.6170   -0.6084   -0.4992
  219.2346  205.8657 -1561.6971   -0.5916   -0.6146   -0.5218
  236.3081  191.7162 -1558.4564   -0.5586   -0.6455   -0.5209
  252.6614  187.5371 -1561.7809   -0.5298   -0.6639   -0.5277
  194.2821  250.2654 -1596.7202   -0.5676   -0.5478   -0.6146
  207.2935  244.5918 -1600.0585   -0.5331   -0.5663   -0.6286
  218.8387  244.7840 -1598.4993   -0.5151   -0.5741   -0.6365
  228.4893  247.4159 -1594.4146   -0.4996   -0.5820   -0.6416
  243.7388  253.5557 -1590.1770   -0.4841   -0.5910   -0.6452
  200.7330  283.4414 -1638.8125   -0.4503   -0.4661   -0.7615
  207.5222  282.8953 -1632.7977   -0.4525   -0.4767   -0.7536
  220.0691  279.0312 -1629.0852   -0.4403   -0.4932   -0.7502
  230.1128  283.0487 -1626.9397   -0.4285   -0.4905   -0.7588
  246.0160  282.4619 -1625.1161   -0.4134   -0.5031   -0.7589
  195.9930  337.2013 -1642.6956   -0.0959   -0.0062   -0.9954
  206.3003  340.2155 -1633.2878   -0.0980    0.0029   -0.9952
  213.4995  336.1816 -1634.9485   -0.0746    0.0176   -0.9971
  220.0723  336.1755 -1634.5734   -0.0698    0.0151   -0.9974
  227.4702  335.0339 -1634.8352   -0.0505    0.0127   -0.9986
  170.5680  422.8521 -1596.9207   -0.1500    0.1856   -0.9711
