% Ascii stylus data file created by FastSCAN V4.0.7 on Tue May 18 10:31:25 2021
% raw surface, 46 visible points, bounding box reference
% x y z dx dy dz
  355.7448  447.1435 -1171.3268    0.6862   -0.7221    0.0882
  353.4569  458.6972 -1182.7168    0.7003   -0.7125    0.0439
  348.5722  475.4303 -1192.3208    0.7057   -0.7085    0.0002
  370.3988  476.2390 -1181.9819    0.7010   -0.7124    0.0329
  383.9643  472.5092 -1170.1057    0.6913   -0.7226   -0.0015
  350.9220  424.2277 -1206.9780    0.7502   -0.6609   -0.0194
  350.1178  451.2614 -1210.9718    0.7432   -0.6651   -0.0734
  336.9832  488.2572 -1224.7931    0.7361   -0.6674   -0.1126
  374.6555  486.8845 -1215.6498    0.4449   -0.8825   -0.1527
  397.3520  489.6980 -1215.8872    0.4659   -0.8719   -0.1507
  290.2993  474.4052 -1279.3019    0.4223   -0.8480   -0.3202
  309.0520  484.6576 -1275.7266    0.4539   -0.8357   -0.3090
  326.1783  511.1695 -1274.1416    0.4894   -0.8124   -0.3170
  347.2384  510.5824 -1274.3556    0.4920   -0.8114   -0.3154
  362.4983  531.7355 -1268.6202    0.5292   -0.7898   -0.3100
  257.0019  541.4004 -1326.8467    0.0107   -0.9204   -0.3908
  291.3824  525.5695 -1322.1335    0.0797   -0.9160   -0.3931
  310.5875  529.4968 -1323.2849    0.1350   -0.9054   -0.4026
  335.9704  520.4944 -1323.7897    0.1644   -0.9084   -0.3845
  362.2744  520.9491 -1327.0277    0.1804   -0.9175   -0.3543
  239.5643  535.8152 -1370.9110   -0.0872   -0.9171   -0.3889
  268.7889  541.1190 -1378.2688   -0.0062   -0.9033   -0.4289
  285.8404  554.9348 -1381.8577    0.0282   -0.8852   -0.4643
  312.0573  531.9669 -1390.2061   -0.0318   -0.9057   -0.4226
  330.5081  512.8624 -1390.8286   -0.0877   -0.9256   -0.3683
  228.3837  547.3865 -1389.8956   -0.1432   -0.9370   -0.3186
  255.7089  562.8118 -1405.7780   -0.0875   -0.9416   -0.3251
  274.4663  568.0347 -1422.5566   -0.0951   -0.9354   -0.3407
  280.2694  546.4377 -1443.9989   -0.3898   -0.9098   -0.1430
  272.5779  527.1642 -1463.2803   -0.6171   -0.7869    0.0011
  205.8768  561.7393 -1434.8247   -0.2986   -0.9055   -0.3014
  229.0490  572.0529 -1447.1350   -0.2362   -0.9118   -0.3359
  250.8889  591.0253 -1464.0737   -0.2164   -0.9065   -0.3626
  264.3389  575.5886 -1482.9915   -0.3466   -0.8977   -0.2721
  268.9242  552.3074 -1498.9095   -0.3795   -0.8861   -0.2663
  196.2643  578.7460 -1472.7874   -0.2291   -0.8765   -0.4234
  215.1503  597.5140 -1480.6252   -0.1838   -0.8771   -0.4437
  236.8931  611.4644 -1499.1287   -0.1528   -0.8815   -0.4468
  239.2944  589.8263 -1516.9056   -0.3576   -0.8980   -0.2564
  234.2011  566.4752 -1529.1437   -0.4466   -0.8810   -0.1563
  164.9558  654.2413 -1561.6914   -0.1844   -0.9076   -0.3773
  192.3749  653.6693 -1562.1763   -0.2100   -0.9242   -0.3190
  199.2459  651.1082 -1573.0713   -0.2616   -0.9217   -0.2864
  199.9469  635.3070 -1583.5995   -0.8345   -0.5326    0.1408
  184.2162  624.0298 -1584.2876   -0.8330   -0.2742    0.4806
  142.5004  716.7258 -1679.9468   -0.8222   -0.5234    0.2237
