% Ascii stylus data file created by FastSCAN V4.0.7 on Tue May 18 10:21:46 2021
% raw surface, 51 visible points, bounding box reference
% x y z dx dy dz
  589.0896  555.8996 -1563.7156    0.3893   -0.8662   -0.3133
  588.5500  575.7256 -1570.2417    0.3753   -0.8480   -0.3742
  601.2722  589.6891 -1579.7756    0.3829   -0.8224   -0.4208
  627.0502  576.7785 -1571.5814    0.2754   -0.8864   -0.3720
  642.7639  566.0328 -1561.5885    0.2997   -0.8897   -0.3444
  558.8181  574.1667 -1598.6003    0.2629   -0.7795   -0.5686
  581.0115  568.7649 -1611.9539    0.1195   -0.8139   -0.5685
  592.3423  598.7136 -1610.5604    0.2154   -0.7838   -0.5825
  619.7654  604.0434 -1616.2732    0.2602   -0.7599   -0.5957
  646.2949  607.5155 -1628.1824    0.2750   -0.7622   -0.5860
  539.2040  611.2681 -1644.1926   -0.0284   -0.7856   -0.6181
  559.0022  599.3771 -1659.2898    0.0369   -0.7430   -0.6682
  567.1442  611.2380 -1658.8776    0.0776   -0.7272   -0.6820
  566.7561  636.4844 -1660.7864    0.1143   -0.6682   -0.7352
  561.0930  650.8934 -1663.0989    0.0966   -0.6635   -0.7420
  512.9727  604.1848 -1689.8333    0.5055   -0.8100   -0.2974
  545.0161  609.3994 -1695.6133    0.6413   -0.7088   -0.2939
  553.1372  628.7012 -1692.2949    0.7760   -0.5589   -0.2924
  552.6838  641.4363 -1690.3911    0.9752   -0.1157   -0.1885
  532.8228  660.2970 -1685.6589    0.9667   -0.1604   -0.1994
  510.7267  602.1730 -1761.2675    0.6202   -0.7038   -0.3464
  527.4200  620.2116 -1755.1963    0.6820   -0.6428   -0.3489
  530.4620  644.6829 -1755.1266    0.7178   -0.5873   -0.3740
  543.2396  656.8201 -1753.1361    0.7877   -0.5062   -0.3512
  533.9120  681.9146 -1742.9819    0.8185   -0.4517   -0.3550
  466.8521  633.1171 -1803.2905    0.5468   -0.6426   -0.5367
  487.9573  656.3225 -1802.5957    0.6067   -0.5627   -0.5616
  502.8349  670.8889 -1797.3043    0.6481   -0.5243   -0.5524
  531.3286  666.0906 -1798.0393    0.5690   -0.6409   -0.5152
  548.1257  682.5629 -1797.5377    0.6346   -0.5757   -0.5156
  439.2243  662.7591 -1859.8325    0.5654   -0.4602   -0.6845
  455.2721  683.9510 -1852.6208    0.6235   -0.4360   -0.6490
  466.9585  700.1060 -1841.3193    0.6358   -0.4316   -0.6399
  482.7851  716.5255 -1836.0779    0.6716   -0.3811   -0.6354
  500.5378  733.6625 -1833.6158    0.7138   -0.3433   -0.6105
  385.7118  730.0861 -1881.1135    0.1344   -0.6498   -0.7481
  412.0362  736.8008 -1886.5698    0.2360   -0.6217   -0.7469
  433.5390  729.9028 -1887.2161    0.2944   -0.6114   -0.7345
  440.8622  749.4120 -1883.2300    0.5388   -0.4460   -0.7147
  438.5862  764.5180 -1872.6257    0.5360   -0.4520   -0.7130
  362.1609  781.0236 -1912.9368   -0.3301   -0.6096   -0.7207
  384.5391  775.2470 -1923.1558   -0.2313   -0.6482   -0.7255
  396.8659  764.4053 -1926.3330   -0.2147   -0.6479   -0.7309
  404.6729  769.4527 -1936.2349   -0.1904   -0.6353   -0.7485
  418.1236  783.3664 -1935.5962   -0.1358   -0.6315   -0.7634
  353.5585  829.0969 -1940.9568   -0.7014   -0.2216   -0.6774
  364.9254  818.5725 -1950.4827   -0.6611   -0.2419   -0.7102
  362.3716  820.3682 -1960.8616   -0.6471   -0.2624   -0.7159
  370.7931  811.5646 -1968.1140   -0.6291   -0.2772   -0.7262
  377.5746  805.2473 -1980.8435   -0.6031   -0.3226   -0.7295
  338.9987  906.4725 -1995.5784   -0.6420   -0.0452   -0.7654
