% Ascii stylus data file created by FastSCAN V4.0.7 on Tue May 18 10:02:14 2021
% raw surface, 56 visible points, bounding box reference
% x y z dx dy dz
  440.6883   49.6160 -1344.9744   -0.8691   -0.4519   -0.2011
  449.9645   47.9453 -1361.0104   -0.8458   -0.4708   -0.2509
  461.1494   42.1096 -1369.5356   -0.8334   -0.4838   -0.2671
  468.1620   20.3997 -1365.5745   -0.8139   -0.5055   -0.2863
  472.0018   -2.2565 -1354.3551   -0.8017   -0.5378   -0.2609
  416.2369   57.9595 -1398.0142   -0.7721   -0.5580   -0.3043
  438.8929   51.3566 -1396.3402   -0.7478   -0.5786   -0.3257
  463.4059   51.8663 -1400.7153   -0.7382   -0.5733   -0.3555
  471.4508   25.6461 -1399.6113   -0.7299   -0.5939   -0.3384
  474.9581    3.1053 -1399.5580   -0.7192   -0.5877   -0.3706
  449.8297  110.0912 -1438.7570   -0.8235   -0.3190   -0.4691
  454.7724   85.7201 -1446.0842   -0.7766   -0.3878   -0.4964
  468.9359   76.9076 -1446.5470   -0.7331   -0.4370   -0.5212
  482.1357   68.6672 -1450.0264   -0.5339   -0.5454   -0.6461
  499.4284   77.9828 -1437.6262   -0.5685   -0.5331   -0.6266
  491.5045  127.5264 -1493.3718   -0.9081    0.3184   -0.2719
  472.7399  113.0211 -1494.5474   -0.9510    0.2449   -0.1889
  473.7261  101.0047 -1497.0332   -0.9581    0.1529   -0.2424
  484.7530   87.9295 -1500.2717   -0.9535    0.0726   -0.2925
  507.3416   76.8326 -1494.3186   -0.9492    0.0406   -0.3120
  466.1669  165.7137 -1536.1930   -0.9615    0.2651   -0.0726
  465.0163  145.1012 -1541.7375   -0.9762    0.1497   -0.1567
  475.1148  133.5919 -1542.2598   -0.9743    0.1191   -0.1911
  486.8567  110.2046 -1553.4438   -0.9633    0.0565   -0.2624
  493.4778   89.8050 -1564.7378   -0.9413   -0.0044   -0.3374
  443.8330  176.3771 -1588.4933   -0.5949   -0.5852   -0.5510
  468.4075  169.6764 -1589.6774   -0.5434   -0.6047   -0.5822
  486.2473  166.7619 -1585.9597   -0.5219   -0.6146   -0.5915
  505.6568  158.5504 -1585.0940   -0.4887   -0.6326   -0.6008
  532.4263  153.2628 -1587.6588   -0.4337   -0.6276   -0.6466
  457.3039  181.1309 -1627.6365   -0.1395   -0.6748   -0.7247
  478.8763  193.5088 -1618.7635   -0.1456   -0.6467   -0.7487
  496.6494  198.0488 -1615.0752   -0.1438   -0.6438   -0.7516
  513.0763  202.0426 -1607.7517   -0.1175   -0.6576   -0.7441
  535.7142  214.0695 -1597.4912   -0.0923   -0.6480   -0.7560
  491.1585  277.7120 -1623.7892   -0.5762   -0.0227   -0.8170
  498.6972  266.8298 -1640.1952   -0.5362   -0.0773   -0.8405
  517.1019  259.0650 -1647.3496   -0.4866   -0.1175   -0.8657
  526.1708  251.1004 -1653.9265   -0.4597   -0.1591   -0.8737
  552.3817  246.6075 -1662.5609   -0.3976   -0.1770   -0.9003
  496.5673  316.9233 -1665.2559   -0.4581   -0.1438   -0.8772
  513.0121  308.0753 -1671.6289   -0.4149   -0.1529   -0.8969
  529.2161  305.3841 -1668.5562   -0.3980   -0.1464   -0.9056
  546.9939  304.7029 -1670.9398   -0.3599   -0.1505   -0.9208
  561.3822  295.5376 -1685.0192   -0.3462   -0.1586   -0.9247
  509.0114  350.8121 -1698.0166   -0.1261   -0.2174   -0.9679
  518.1299  350.2549 -1682.3051   -0.1646   -0.2070   -0.9644
  537.7772  352.9185 -1678.4224   -0.1519   -0.2177   -0.9641
  553.4498  355.2818 -1678.9568   -0.1406   -0.2276   -0.9636
  572.9175  351.6832 -1680.9875   -0.1233   -0.2342   -0.9643
  532.8258  415.5658 -1680.5216   -0.1184    0.3929   -0.9119
  543.2773  405.2964 -1678.7769   -0.1237    0.3611   -0.9243
  556.8976  395.9494 -1677.5486   -0.1002    0.3324   -0.9378
  571.2123  395.2936 -1681.9707   -0.0881    0.3465   -0.9339
  584.2609  399.9161 -1686.1583   -0.0768    0.3569   -0.9310
  610.2896  459.1684 -1543.6113   -0.0102    0.7924   -0.6099
