% Ascii stylus data file created by FastSCAN V4.0.7 on Tue May 18 10:47:11 2021
% raw surface, 56 visible points, bounding box reference
% x y z dx dy dz
  284.0293  383.3160 -1077.2405    0.4391   -0.8889    0.1307
  287.9315  394.1620 -1091.1937    0.4383   -0.8951    0.0814
  289.2318  410.5886 -1099.3066    0.4515   -0.8912    0.0434
  309.1094  410.7013 -1089.2323    0.4846   -0.8724    0.0633
  321.3678  412.7538 -1073.6923    0.4956   -0.8622    0.1048
  284.3567  360.1318 -1127.5518    0.5669   -0.8225   -0.0447
  287.3625  378.3503 -1130.5115    0.5703   -0.8199   -0.0498
  284.0860  419.4207 -1133.1138    0.5812   -0.8105   -0.0723
  311.9165  411.6948 -1128.4640    0.5915   -0.8033   -0.0691
  334.4431  419.8596 -1143.9153    0.3594   -0.9020   -0.2392
  297.8847  374.5196 -1176.0671    0.9264   -0.1002   -0.3629
  275.0816  400.8433 -1179.7203    0.8954   -0.0908   -0.4358
  269.6794  429.4446 -1182.4487    0.8535   -0.2661   -0.4480
  281.9817  443.0300 -1187.4781    0.8529   -0.2362   -0.4656
  287.6804  470.2347 -1174.9388    0.8683   -0.2376   -0.4353
  253.1198  394.8900 -1224.4192    0.7149   -0.3282   -0.6174
  251.4084  418.6545 -1214.3969    0.7226   -0.3490   -0.5967
  258.6552  441.3391 -1219.0664    0.7114   -0.3489   -0.6101
  277.1037  449.6984 -1215.5355    0.7384   -0.3781   -0.5584
  295.6972  477.0987 -1218.2747    0.7688   -0.2971   -0.5663
  232.0635  411.6580 -1272.5582    0.4684   -0.8731   -0.1352
  243.3573  432.2031 -1263.9417    0.5008   -0.8565   -0.1252
  241.8159  465.2164 -1277.9275    0.4781   -0.8629   -0.1639
  270.3639  462.6619 -1273.3708    0.4952   -0.8556   -0.1508
  297.9440  464.9654 -1269.0186    0.5217   -0.8456   -0.1128
  202.2989  447.5138 -1315.8590    0.2853   -0.9180   -0.2753
  216.4362  462.8695 -1313.9797    0.3064   -0.9127   -0.2704
  234.8053  482.4581 -1322.1550    0.3462   -0.8890   -0.2997
  259.0179  479.9494 -1319.6786    0.3731   -0.8795   -0.2954
  291.3878  478.9922 -1320.0638    0.4293   -0.8622   -0.2690
  182.4101  497.6752 -1365.7939    0.1677   -0.8924   -0.4190
  207.4065  492.3051 -1361.6240    0.2229   -0.8878   -0.4026
  228.4641  494.2051 -1362.6714    0.2600   -0.8774   -0.4033
  253.9517  482.6610 -1359.6292    0.2797   -0.8824   -0.3783
  280.6992  476.3837 -1364.3461    0.3241   -0.8744   -0.3611
  176.1659  502.4086 -1406.1017   -0.1157   -0.9294   -0.3505
  198.4642  509.1501 -1408.3752   -0.0596   -0.9288   -0.3658
  222.5896  509.0752 -1409.0747   -0.0274   -0.9325   -0.3602
  241.3381  492.4203 -1409.9331   -0.0035   -0.9398   -0.3418
  266.0220  474.7126 -1411.3983    0.0602   -0.9435   -0.3257
  170.9830  531.9041 -1448.8943   -0.1444   -0.8744   -0.4632
  192.6507  532.7158 -1449.3889   -0.0883   -0.8771   -0.4721
  216.5175  521.4501 -1447.9441   -0.0550   -0.8884   -0.4557
  224.3920  501.8318 -1456.3582   -0.3350   -0.8465   -0.4137
  239.5180  482.6147 -1462.9297   -0.3209   -0.8641   -0.3877
  178.2017  563.0947 -1492.1289   -0.4161   -0.7472   -0.5183
  199.6554  549.2651 -1493.4185   -0.3600   -0.7722   -0.5236
  211.5600  538.3569 -1490.4043   -0.3360   -0.7839   -0.5222
  218.7354  513.4802 -1493.2568   -0.4456   -0.7524   -0.4851
  226.2472  492.2965 -1494.8833   -0.4299   -0.7701   -0.4713
  175.6096  571.0081 -1539.9536   -0.4700   -0.7129   -0.5204
  191.4216  566.3826 -1540.8213   -0.4259   -0.7278   -0.5375
  201.5025  552.7421 -1540.6504   -0.4223   -0.7256   -0.5433
  206.5797  535.5962 -1539.5244   -0.4592   -0.7033   -0.5426
  210.3675  530.1102 -1541.7573   -0.4450   -0.7130   -0.5419
  187.3994  597.6768 -1653.2128   -0.4110   -0.5862   -0.6982
