% Ascii stylus data file created by FastSCAN V4.0.7 on Tue May 18 10:43:02 2021
% raw surface, 56 visible points, bounding box reference
% x y z dx dy dz
  539.5778  317.8549 -1475.8423   -0.1451   -0.9871    0.0676
  548.7811  322.9683 -1486.7998   -0.1046   -0.9945   -0.0012
  558.1073  331.3507 -1491.6985   -0.1426   -0.9897   -0.0158
  572.0560  321.0612 -1482.9580   -0.2001   -0.9797   -0.0105
  589.8279  317.6199 -1472.8417   -0.2001   -0.9797   -0.0085
  518.3297  316.0054 -1530.3966    0.0822   -0.9649   -0.2495
  537.6608  326.2917 -1521.7698    0.1160   -0.9581   -0.2619
  556.7002  338.6638 -1515.7651    0.0932   -0.9680   -0.2331
  572.0466  316.1909 -1530.7910   -0.1758   -0.9525   -0.2485
  576.0840  292.5011 -1534.4281   -0.2208   -0.9610   -0.1663
  505.1991  354.1111 -1565.7576    0.1701   -0.8524   -0.4944
  532.1802  358.6136 -1562.8838    0.1449   -0.8407   -0.5217
  553.6116  355.5350 -1561.6238    0.1203   -0.8591   -0.4974
  569.6279  334.8206 -1562.6201   -0.1292   -0.8522   -0.5070
  577.1549  304.8326 -1564.8059   -0.2394   -0.8335   -0.4980
  502.9144  388.2486 -1606.1398   -0.6177   -0.7834   -0.0686
  528.1074  372.9560 -1610.1921   -0.5151   -0.8471   -0.1309
  547.0425  371.2073 -1617.2611   -0.4540   -0.8730   -0.1783
  566.4882  355.8402 -1625.4590   -0.4120   -0.8942   -0.1754
  583.2365  338.3667 -1628.3696   -0.3681   -0.9167   -0.1553
  495.0616  373.8966 -1688.1705    0.1062   -0.9667   -0.2328
  514.0187  384.8480 -1680.7449    0.1374   -0.9613   -0.2386
  528.1506  412.3487 -1702.0222   -0.2891   -0.9162   -0.2776
  543.2471  382.7044 -1703.8528   -0.7222   -0.6488   -0.2397
  539.7992  360.0150 -1715.4287   -0.8458   -0.4075   -0.3444
  475.9715  426.9275 -1738.0049   -0.1610   -0.9404   -0.2994
  497.5679  427.8585 -1736.4852   -0.1293   -0.9386   -0.3197
  525.4528  437.1245 -1739.2939   -0.1201   -0.9285   -0.3514
  543.1202  415.6118 -1745.2637   -0.3788   -0.8719   -0.3104
  562.8181  398.4580 -1755.9409   -0.3903   -0.8563   -0.3384
  475.5294  437.9076 -1793.4146    0.0235   -0.8969   -0.4416
  495.3304  453.5329 -1786.5177    0.0397   -0.8937   -0.4470
  517.3776  470.3634 -1786.5991   -0.1186   -0.8755   -0.4684
  521.6039  438.3763 -1804.4136   -0.8578   -0.4257   -0.2881
  517.3975  415.7069 -1810.7803   -0.8572   -0.4537   -0.2437
  455.0911  522.3530 -1841.6936   -0.3563   -0.7335   -0.5788
  488.7869  518.8926 -1840.5885   -0.3164   -0.7133   -0.6253
  509.5709  515.3923 -1833.5383   -0.3343   -0.6980   -0.6332
  522.5142  481.1510 -1851.5471   -0.9301   -0.0224   -0.3667
  498.2086  465.4349 -1866.7651   -0.9854    0.0619   -0.1585
  455.2433  542.9309 -1878.5708   -0.2966   -0.7592   -0.5794
  481.5077  541.4309 -1877.3628   -0.2518   -0.7424   -0.6209
  500.3188  549.6713 -1880.4390   -0.2089   -0.7304   -0.6503
  519.7927  554.3901 -1889.3108   -0.2186   -0.7049   -0.6748
  517.7294  539.8321 -1914.5000   -0.9733   -0.0683   -0.2191
  453.7222  565.9342 -1924.5437   -0.2236   -0.7372   -0.6376
  474.0254  573.6931 -1923.5117   -0.1847   -0.7259   -0.6625
  483.8549  586.9375 -1919.5217   -0.1767   -0.7185   -0.6727
  505.6609  597.5595 -1918.4243   -0.1843   -0.6866   -0.7033
  520.5427  593.3248 -1921.0098   -0.2396   -0.6996   -0.6732
  452.5522  628.2914 -1990.3994    0.5009   -0.6687   -0.5495
  452.8564  635.1225 -1982.0552    0.4452   -0.6879   -0.5732
  460.7003  640.8857 -1975.9277    0.4351   -0.6945   -0.5730
  458.8201  662.2050 -1973.4993    0.3818   -0.6924   -0.6122
  472.7791  642.0747 -1995.4500   -0.6826   -0.6824   -0.2613
  399.9654  734.1099 -2061.9548    0.1506   -0.5219   -0.8396
