% Ascii stylus data file created by FastSCAN V4.0.7 on Tue May 18 08:07:49 2021
% raw surface, 91 visible points, bounding box reference
% x y z dx dy dz
  528.7042  135.5781 -1411.4351    0.6595   -0.2390   -0.7127
  519.3336  144.5158 -1425.7046    0.6881   -0.1981   -0.6980
  507.2356  161.4772 -1431.8569    0.7219   -0.1921   -0.6648
  518.5574  178.0642 -1423.1193    0.7880   -0.1869   -0.5866
  521.9775  199.4146 -1401.4546    0.8217   -0.1299   -0.5550
  476.1493  129.1492 -1440.7742    0.7753   -0.4835   -0.4063
  500.9421  137.6735 -1438.9783    0.7850   -0.4645   -0.4100
  499.3651  163.9961 -1449.0601    0.7928   -0.3771   -0.4787
  515.3313  186.7283 -1441.6599    0.8561   -0.2678   -0.4420
  499.9833  209.1003 -1430.9607    0.8832   -0.2160   -0.4162
  512.4064  112.3255 -1498.5984    0.8501   -0.2706   -0.4518
  507.1877  137.8215 -1480.7166    0.8589   -0.1867   -0.4769
  493.1255  158.2633 -1470.8433    0.8452   -0.1564   -0.5110
  508.2635  176.7767 -1476.9314    0.6877   -0.3845   -0.6158
  527.9984  188.2838 -1498.5132    0.7054   -0.3702   -0.6044
  455.7152  116.2213 -1500.9612    0.4929   -0.2065   -0.8452
  468.9038  131.4656 -1510.6023    0.4947   -0.2236   -0.8398
  473.7810  156.9380 -1500.9773    0.6004   -0.0809   -0.7956
  475.5147  173.6878 -1519.4359    0.4776   -0.1264   -0.8695
  474.9973  205.2465 -1506.5239    0.4602   -0.0078   -0.8878
  414.6449  155.1463 -1527.4928    0.0909   -0.3619   -0.9278
  435.9856  156.6771 -1540.8416    0.0593   -0.3640   -0.9295
  448.4700  159.1703 -1539.0620    0.1014   -0.3933   -0.9138
  451.0794  175.9691 -1531.4266    0.1382   -0.1343   -0.9813
  433.4576  195.3363 -1511.5579    0.1657   -0.0892   -0.9821
  385.7434  162.7823 -1569.5853    0.2870   -0.9474   -0.1415
  403.5431  150.8536 -1585.7079    0.3311   -0.9229   -0.1964
  410.8526  163.5029 -1590.6313    0.4671   -0.8259   -0.3157
  427.2464  181.0068 -1568.3545    0.6570   -0.6218   -0.4262
  417.2784  207.3381 -1557.6042    0.7179   -0.5480   -0.4294
  381.6320  101.3100 -1637.4688    0.6534   -0.5119   -0.5576
  390.4721  130.1230 -1627.9414    0.6747   -0.4186   -0.6079
  389.6707  152.4952 -1617.5183    0.6883   -0.3722   -0.6226
  409.0914  173.0927 -1611.7312    0.6711   -0.4333   -0.6015
  428.0951  203.8859 -1608.6960    0.7145   -0.3396   -0.6117
  384.6391  100.0453 -1663.4688    0.6990   -0.1007   -0.7079
  377.7477  127.5040 -1650.6813    0.7005   -0.0495   -0.7119
  375.6305  151.3679 -1631.8904    0.7117   -0.0213   -0.7022
  388.2120  179.3969 -1626.2661    0.6972   -0.0438   -0.7156
  409.5949  200.8608 -1628.2318    0.4625   -0.2901   -0.8378
  362.8104  115.3810 -1696.2915    0.5318    0.2813   -0.7988
  354.4345  127.6174 -1666.9839    0.5438    0.2607   -0.7977
  349.6150  151.4552 -1650.4529    0.5259    0.1909   -0.8289
  359.8091  183.1804 -1649.9608    0.5329    0.1970   -0.8229
  355.7052  209.8539 -1642.3235    0.5252    0.2471   -0.8143
  328.0219  125.5021 -1720.1289    0.1592    0.8892   -0.4289
  316.7692  129.9423 -1700.9565    0.2139    0.8595   -0.4642
  292.8612  154.4040 -1676.9974    0.3820    0.1289   -0.9151
  298.7005  175.0292 -1686.2083    0.2994   -0.1707   -0.9387
  310.1136  192.4064 -1715.2040    0.2419   -0.2909   -0.9257
  238.7315  106.5057 -1702.5928    0.0744    0.1233   -0.9896
  252.7534  134.4918 -1694.0671    0.1038    0.1139   -0.9880
  257.0008  157.2958 -1690.5515    0.0834    0.0072   -0.9965
  257.0074  181.1580 -1698.2676    0.0694   -0.2463   -0.9667
  266.0027  202.9858 -1713.7144   -0.0454   -0.3236   -0.9451
  190.2810  122.9970 -1687.8916   -0.1765   -0.2516   -0.9516
  197.9217  140.5108 -1701.1138   -0.1574   -0.2110   -0.9647
  200.3911  159.9963 -1697.0393   -0.1018   -0.1608   -0.9817
  213.3122  181.8097 -1699.9617   -0.0583   -0.1163   -0.9915
  213.4177  209.5229 -1693.5784   -0.0038   -0.0529   -0.9986
  132.6449  161.7119 -1678.6069   -0.1017   -0.8975   -0.4290
  128.4755  163.9776 -1697.4121   -0.0539   -0.8644   -0.5000
  129.5926  176.6948 -1710.5205   -0.0352   -0.7900   -0.6121
  144.7681  194.2610 -1713.9585    0.1200   -0.4289   -0.8953
  150.6120  210.4948 -1707.7842    0.1370   -0.4172   -0.8984
  101.7592  185.7959 -1680.3574   -0.1724   -0.8049   -0.5678
   94.4984  181.4838 -1701.6809   -0.1866   -0.7768   -0.6014
   92.9531  186.4182 -1717.2511   -0.1778   -0.7364   -0.6528
   95.1910  196.0471 -1729.5750   -0.1382   -0.6946   -0.7060
   98.3605  211.9067 -1741.9780   -0.1153   -0.6746   -0.7291
   52.3712  197.2747 -1687.1055   -0.2605   -0.7652   -0.5888
   51.2378  194.2953 -1706.8569   -0.2463   -0.7399   -0.6260
   53.8690  195.4930 -1720.6797   -0.2452   -0.7099   -0.6603
   53.1773  198.8858 -1732.6204   -0.2407   -0.6891   -0.6836
   59.6961  206.7198 -1748.3879   -0.2089   -0.6668   -0.7154
   14.4149  197.7571 -1698.8184   -0.3418   -0.7161   -0.6085
   17.7368  201.1995 -1707.5201   -0.3228   -0.6990   -0.6381
   23.4502  209.5921 -1722.1626   -0.3149   -0.6812   -0.6609
   24.5371  211.4144 -1737.4382   -0.3012   -0.6732   -0.6753
   24.1015  210.2456 -1749.9545   -0.2991   -0.6728   -0.6767
  -10.1254  211.1071 -1702.8455   -0.3757   -0.5482   -0.7472
   -5.8451  217.0730 -1714.1108   -0.3624   -0.5365   -0.7621
   -8.0584  223.7372 -1723.4375   -0.3853   -0.5250   -0.7589
   -9.2335  229.6937 -1729.7546   -0.3888   -0.5046   -0.7709
   -6.9955  237.6577 -1739.3284   -0.3857   -0.4793   -0.7883
  -34.5018  251.6220 -1697.5508   -0.5569   -0.3789   -0.7391
  -32.5782  256.3671 -1704.8477   -0.5620   -0.3492   -0.7498
  -29.2516  258.6213 -1708.4553   -0.5509   -0.3455   -0.7597
  -28.3936  262.5758 -1715.8107   -0.5484   -0.3367   -0.7654
  -30.1180  266.7165 -1720.8638   -0.5526   -0.3162   -0.7712
  -34.2242  338.6669 -1667.1625   -0.6457   -0.2908   -0.7061
