% Ascii stylus data file created by FastSCAN V4.0.7 on Tue May 18 09:48:52 2021
% raw surface, 56 visible points, bounding box reference
% x y z dx dy dz
  524.6902  -17.4946 -1308.0245    0.1485   -0.9847    0.0916
  535.9998  -10.5439 -1311.7642    0.1626   -0.9850    0.0572
  541.2515    1.2334 -1309.9637    0.1182   -0.9928    0.0202
  556.9114   -1.8099 -1305.2836    0.1374   -0.9902    0.0256
  571.0336   -1.7348 -1296.3304    0.1375   -0.9900    0.0299
  519.4747  -12.2709 -1355.7986    0.0941   -0.9863   -0.1352
  529.5343    1.7585 -1356.7183    0.0995   -0.9853   -0.1390
  545.0148   15.6679 -1359.1802    0.1217   -0.9813   -0.1489
  564.3333    6.5205 -1354.0110    0.1428   -0.9767   -0.1602
  575.1239  -10.4808 -1351.2983   -0.3789   -0.8598   -0.3424
  520.0341   24.4914 -1384.0449   -0.2817   -0.8515   -0.4422
  532.9756   17.2491 -1386.4399   -0.2509   -0.8540   -0.4557
  546.9479   21.6193 -1384.9092   -0.2263   -0.8535   -0.4695
  559.8588   24.5963 -1381.5842   -0.1943   -0.8505   -0.4887
  573.3019   33.3883 -1375.3896   -0.1953   -0.8536   -0.4830
  512.7826   28.3478 -1421.4374   -0.0929   -0.8191   -0.5661
  533.1034   29.1790 -1418.5183   -0.0459   -0.8256   -0.5624
  545.2002   32.8107 -1412.9083    0.0407   -0.8168   -0.5755
  550.3894   45.3863 -1414.0334    0.2568   -0.9544   -0.1525
  552.8153   58.0437 -1405.9629    0.2044   -0.9651   -0.1637
  518.1737   65.3966 -1443.9353   -0.3582   -0.7633   -0.5376
  532.7643   52.5796 -1452.4292   -0.3000   -0.7864   -0.5399
  545.8478   52.1621 -1451.5222   -0.2547   -0.7922   -0.5545
  562.2800   54.2940 -1448.7937   -0.0993   -0.8359   -0.5399
  574.7712   65.6912 -1444.2190   -0.0667   -0.8332   -0.5489
  507.6692   76.8378 -1502.9536   -0.0842   -0.8379   -0.5393
  531.6671   76.7577 -1501.7710   -0.0249   -0.8347   -0.5502
  540.3798   88.9229 -1503.0933   -0.0257   -0.8270   -0.5616
  556.5792   78.7536 -1506.0168   -0.0026   -0.8290   -0.5592
  576.5461   69.2845 -1511.0038    0.0501   -0.8335   -0.5503
  511.8424   87.2090 -1540.1648    0.0124   -0.8126   -0.5827
  522.6027   99.7851 -1536.9612    0.0217   -0.8036   -0.5947
  539.1849  114.2403 -1532.8685    0.0348   -0.7969   -0.6031
  553.5842  113.5661 -1535.3201    0.0330   -0.7882   -0.6146
  575.4078  113.9671 -1538.0924    0.0691   -0.7709   -0.6332
  501.4224  150.2059 -1569.6965   -0.0839   -0.7174   -0.6916
  517.4219  144.7213 -1568.8663   -0.0418   -0.7273   -0.6850
  531.8573  152.9249 -1569.7417   -0.0093   -0.7164   -0.6976
  547.0398  157.7620 -1569.6001    0.0204   -0.7175   -0.6962
  566.2036  163.7409 -1568.6726    0.0558   -0.7117   -0.7003
  510.1471  206.9864 -1585.6060   -0.1211   -0.6591   -0.7423
  515.7654  198.6798 -1597.9613   -0.1596   -0.6348   -0.7560
  528.5040  194.7789 -1603.6870   -0.1554   -0.6445   -0.7486
  542.3309  193.4397 -1605.9712   -0.1188   -0.6468   -0.7534
  558.8075  185.3802 -1610.8711   -0.0928   -0.6629   -0.7429
  502.8271  245.7964 -1624.6584   -0.2528   -0.5538   -0.7933
  515.8739  241.7925 -1629.5387   -0.2142   -0.5637   -0.7977
  527.5176  236.0687 -1629.7009   -0.1921   -0.5635   -0.8034
  539.1753  231.1710 -1631.5964   -0.1635   -0.5740   -0.8024
  548.7053  225.1301 -1634.8413   -0.1419   -0.5796   -0.8025
  514.4990  302.1702 -1642.5642   -0.2173   -0.4877   -0.8455
  524.7313  298.3278 -1642.6737   -0.1979   -0.4968   -0.8450
  532.0742  297.2901 -1643.9196   -0.1901   -0.5056   -0.8416
  537.7823  297.9960 -1647.8594   -0.1779   -0.4992   -0.8480
  546.0746  299.8676 -1645.7566   -0.1665   -0.4961   -0.8521
  547.3193  395.9770 -1604.4033   -0.1999   -0.4405   -0.8752
