% Ascii stylus data file created by FastSCAN V4.0.7 on Tue May 18 10:40:22 2021
% raw surface, 41 visible points, bounding box reference
% x y z dx dy dz
  469.9732  229.2532 -1102.0762    0.7421    0.5563   -0.3741
  448.6435  229.5671 -1108.2720    0.6996    0.5863   -0.4085
  429.6118  239.9105 -1112.5226    0.6587    0.6176   -0.4299
  433.1458  259.2556 -1106.8378    0.8398    0.1708   -0.5153
  444.6372  266.0051 -1105.0331    0.6488   -0.0672   -0.7580
  469.8351  222.5742 -1169.5111    0.5867    0.5819   -0.5632
  444.3286  221.8669 -1163.1875    0.5466    0.6210   -0.5618
  403.4583  218.6321 -1157.6885    0.5064    0.6367   -0.5816
  401.3105  243.6690 -1159.2590    0.4742    0.6323   -0.6126
  373.7136  254.3466 -1146.6704    0.4061    0.7243   -0.5572
  374.3757  152.4701 -1194.9052    0.6361   -0.1234   -0.7617
  375.3211  183.1511 -1203.7828    0.6179   -0.0394   -0.7853
  371.8234  205.6516 -1206.7715    0.6260    0.0516   -0.7781
  364.8813  230.5039 -1203.0200    0.6235    0.3505   -0.6988
  344.9909  233.9382 -1193.0236    0.6159    0.4154   -0.6695
  346.2132  127.9355 -1279.6494    0.7792   -0.1537   -0.6076
  333.7227  157.9466 -1278.1699    0.7644   -0.0067   -0.6447
  324.2939  177.5329 -1272.9303    0.7521    0.0675   -0.6556
  342.4552  199.6050 -1286.6121    0.7586   -0.3113   -0.5723
  344.0592  216.2416 -1303.3528    0.7169   -0.2317   -0.6576
  274.6353  114.9132 -1293.0009    0.4800   -0.4567   -0.7490
  280.7997  134.9500 -1312.3864    0.4743   -0.3865   -0.7910
  272.7985  154.2471 -1316.2032    0.4692   -0.2904   -0.8340
  278.0357  178.1834 -1321.3530    0.4992   -0.1784   -0.8479
  271.9279  201.7194 -1317.3212    0.4668   -0.0857   -0.8802
  210.1699  117.5935 -1329.7939    0.5153   -0.7205   -0.4640
  220.2253  120.5047 -1348.3971    0.5454   -0.6744   -0.4977
  226.0725  132.6832 -1365.3793    0.5546   -0.5980   -0.5786
  213.0385  156.9592 -1377.3054    0.5759   -0.4398   -0.6891
  204.4317  166.8452 -1375.1123    0.5642   -0.4529   -0.6903
  159.1550  124.0312 -1383.9792    0.3274   -0.7639   -0.5561
  176.9264  112.0500 -1398.9453    0.3811   -0.7463   -0.5457
  182.5456  113.8648 -1410.3336    0.4331   -0.7110   -0.5540
  185.5522  122.6611 -1422.5286    0.4767   -0.6386   -0.6041
  179.4035  138.1488 -1423.9204    0.5222   -0.6139   -0.5920
  124.0529  109.8406 -1437.9883    0.3094   -0.9503   -0.0348
  138.9732  100.2595 -1445.5353    0.3319   -0.9411   -0.0643
  143.1278   97.5500 -1452.2466    0.3471   -0.9320   -0.1040
  146.1627   95.5675 -1461.1472    0.3496   -0.9287   -0.1239
  153.7693  102.1705 -1475.3800    0.4096   -0.8984   -0.1583
   84.4330   70.7218 -1514.4084    0.2445   -0.9542   -0.1726
