% Ascii stylus data file created by FastSCAN V4.0.7 on Tue May 18 10:07:38 2021
% raw surface, 66 visible points, bounding box reference
% x y z dx dy dz
  699.2108  533.5592 -1405.3347    0.7968    0.3307   -0.5057
  688.8606  538.0018 -1414.8031    0.7473    0.3535   -0.5626
  677.8411  543.4772 -1414.7781    0.7193    0.3685   -0.5889
  678.2100  558.4813 -1411.3796    0.7102    0.4050   -0.5759
  681.8910  566.8615 -1401.9365    0.7196    0.4279   -0.5468
  693.4150  519.7280 -1443.9116    0.7093    0.4055   -0.5767
  682.4008  532.1882 -1440.5217    0.6789    0.4390   -0.5885
  666.6993  535.7166 -1434.6414    0.6537    0.4348   -0.6194
  665.4395  553.3889 -1438.8560    0.6464    0.4597   -0.6090
  666.8104  568.7415 -1444.8627    0.6290    0.4666   -0.6218
  687.2216  520.4741 -1467.7880    0.4542    0.5252   -0.7196
  673.9993  524.0981 -1457.5874    0.4590    0.5420   -0.7040
  654.6147  519.9428 -1453.1963    0.4411    0.5212   -0.7306
  653.0027  538.9635 -1452.9982    0.4345    0.5463   -0.7161
  641.3352  551.0968 -1453.7260    0.3992    0.5519   -0.7322
  650.8510  483.2710 -1473.8252    0.4460    0.4136   -0.7937
  646.7281  500.4887 -1474.3607    0.4203    0.4437   -0.7915
  633.9877  504.2135 -1475.6978    0.3934    0.4465   -0.8037
  633.7872  514.2115 -1474.3398    0.4012    0.4772   -0.7819
  625.5215  522.7036 -1463.0137    0.3994    0.5037   -0.7660
  642.1749  479.6425 -1499.0890    0.4424    0.4128   -0.7962
  633.2631  490.6740 -1490.9111    0.4262    0.4315   -0.7951
  620.0031  494.5193 -1487.1692    0.4085    0.4443   -0.7973
  618.2727  510.3217 -1490.6338    0.3963    0.4686   -0.7895
  608.8286  513.3127 -1483.9698    0.3530    0.4677   -0.8104
  634.7085  476.5291 -1513.5588    0.3729    0.3769   -0.8479
  620.9093  479.9134 -1507.0439    0.3608    0.3871   -0.8485
  605.7931  484.3482 -1502.0591    0.3418    0.4048   -0.8481
  600.6226  499.6458 -1506.1672    0.3233    0.4296   -0.8432
  594.0336  510.2835 -1501.8621    0.3230    0.4622   -0.8259
  602.9244  449.6085 -1517.2090    0.3812    0.2346   -0.8942
  598.9937  461.0417 -1514.0770    0.3800    0.2697   -0.8848
  585.9717  474.4684 -1513.5554    0.3520    0.2872   -0.8909
  588.8961  489.6493 -1524.1384    0.4271    0.2876   -0.8573
  588.3905  502.3054 -1522.4469    0.4259    0.3149   -0.8482
  562.8690  439.8661 -1516.3784    0.3771    0.1299   -0.9170
  567.0464  453.6022 -1527.7913    0.3908    0.1611   -0.9063
  562.5720  461.4949 -1533.3827    0.3801    0.1801   -0.9072
  569.8577  475.9248 -1541.7883    0.4322    0.2040   -0.8784
  578.6132  489.1995 -1549.8420    0.4333    0.1539   -0.8880
  543.7898  416.7153 -1549.8754    0.4006    0.1421   -0.9052
  538.4225  429.0997 -1549.4291    0.3870    0.1730   -0.9057
  527.1267  440.8440 -1546.4830    0.3758    0.1900   -0.9070
  526.2977  451.2904 -1553.7073    0.3785    0.1953   -0.9048
  514.8704  460.2397 -1553.1934    0.3544    0.2266   -0.9072
  506.7467  396.8028 -1560.6001    0.3058    0.1039   -0.9464
  496.5344  409.5417 -1556.2957    0.3016    0.1321   -0.9442
  489.2974  418.5340 -1555.2698    0.2962    0.1431   -0.9444
  491.0123  436.9263 -1566.6221    0.5370   -0.2593   -0.8027
  489.1766  443.6890 -1581.2072    0.5091   -0.2058   -0.8357
  452.2391  379.3209 -1549.6559    0.1580   -0.0266   -0.9871
  444.3875  395.8487 -1552.3123    0.1602    0.0206   -0.9869
  439.0855  402.8208 -1551.5630    0.1648    0.0163   -0.9862
  439.6939  412.2618 -1560.1926    0.3453   -0.3734   -0.8610
  436.0879  417.9499 -1567.1705    0.3288   -0.3403   -0.8810
  400.5106  358.2233 -1518.1255    0.8604    0.1785    0.4774
  396.6643  367.6053 -1519.2632    0.8734    0.2356    0.4262
  391.8543  379.0731 -1516.1682    0.8563    0.2720    0.4391
  386.0027  384.1816 -1519.0271    0.8715    0.2878    0.3971
  374.6763  396.3286 -1517.1350    0.8629    0.3341    0.3792
  364.9349  349.0166 -1463.6921    0.9383    0.0850    0.3353
  361.5063  358.7719 -1461.2351    0.9281    0.1304    0.3488
  357.8283  364.5707 -1460.4810    0.9245    0.1350    0.3565
  354.8229  369.2979 -1461.5623    0.9267    0.1656    0.3374
  348.8880  378.6941 -1459.4650    0.9159    0.2021    0.3468
  353.8333  356.0639 -1331.0885    0.7887    0.0621    0.6117
