% Ascii stylus data file created by FastSCAN V4.0.7 on Tue May 18 11:10:48 2021
% raw surface, 71 visible points, bounding box reference
% x y z dx dy dz
  282.0421  476.2485 -1369.6335   -0.5529   -0.8040   -0.2186
  286.5493  476.4285 -1381.1316   -0.5275   -0.7922   -0.3069
  301.7635  478.9881 -1385.2815   -0.4736   -0.7916   -0.3862
  311.4260  467.4571 -1383.2529   -0.3625   -0.7451   -0.5598
  320.5113  462.6131 -1375.9968   -0.3412   -0.7656   -0.5453
  281.9804  502.9721 -1431.4633   -0.7452   -0.5954   -0.3004
  282.3222  487.3594 -1431.3870   -0.7020   -0.6459   -0.3001
  297.7671  486.2932 -1435.3673   -0.6417   -0.6962   -0.3217
  303.2787  475.9907 -1439.1912   -0.5904   -0.7338   -0.3360
  325.2691  483.5127 -1435.9272   -0.5665   -0.7551   -0.3300
  261.5804  507.7987 -1480.3528   -0.6885   -0.6242   -0.3691
  274.0600  502.0867 -1480.5089   -0.6076   -0.6830   -0.4054
  292.8438  505.8321 -1484.0667   -0.5735   -0.6982   -0.4285
  299.6739  487.6859 -1481.4543   -0.5465   -0.7288   -0.4126
  324.5486  481.9049 -1480.9675   -0.4977   -0.7599   -0.4181
  250.6856  510.1428 -1534.1450   -0.3028   -0.8064   -0.5080
  269.2748  517.0671 -1531.5959   -0.2573   -0.8161   -0.5175
  286.7130  525.8524 -1533.6160   -0.2628   -0.8010   -0.5379
  296.3189  520.6413 -1537.6826   -0.2298   -0.8093   -0.5406
  319.5501  531.9715 -1534.0615   -0.1984   -0.8198   -0.5371
  259.5971  512.2982 -1572.1265    0.1464   -0.7458   -0.6498
  269.9168  528.3404 -1567.9836    0.1358   -0.7105   -0.6905
  283.5523  545.8454 -1564.4100    0.1486   -0.6789   -0.7190
  298.1383  535.2308 -1571.6036    0.1502   -0.6968   -0.7014
  319.3959  529.8367 -1572.2369    0.1865   -0.7216   -0.6667
  240.9167  561.0626 -1603.4185   -0.5628   -0.5886   -0.5804
  260.1292  554.5887 -1612.1169   -0.5007   -0.6098   -0.6144
  282.0630  562.0216 -1615.1553   -0.4659   -0.6161   -0.6351
  288.3861  548.7084 -1622.1987   -0.4323   -0.6537   -0.6211
  314.0259  544.1318 -1623.7847   -0.3486   -0.6850   -0.6397
  255.0812  606.4720 -1648.7584   -0.5290   -0.4674   -0.7083
  261.8138  589.0483 -1659.8438   -0.4755   -0.5297   -0.7024
  275.1191  582.9498 -1659.8556   -0.4186   -0.5692   -0.7076
  288.9242  580.5712 -1662.2773   -0.3577   -0.5872   -0.7261
  314.7686  594.2814 -1658.8971   -0.3407   -0.5782   -0.7414
  239.0714  619.5219 -1683.6697   -0.5651   -0.5885   -0.5782
  257.8055  606.4912 -1686.9932   -0.4684   -0.6202   -0.6293
  268.9554  603.9962 -1690.8549   -0.3043   -0.6483   -0.6980
  276.2633  611.5375 -1683.3762   -0.0171   -0.6048   -0.7962
  285.6253  627.6592 -1678.1060   -0.0111   -0.5846   -0.8113
  220.1664  619.8940 -1733.3843   -0.4170   -0.6793   -0.6038
  241.1703  620.0112 -1734.3843   -0.3625   -0.6885   -0.6282
  264.3504  628.5674 -1731.9507   -0.3016   -0.6698   -0.6786
  283.8434  633.3345 -1733.3303   -0.2170   -0.6670   -0.7127
  307.9715  640.2244 -1731.8044   -0.1955   -0.6673   -0.7187
  213.8596  648.0574 -1801.0215   -0.8012    0.4975    0.3325
  226.6154  662.2593 -1792.8655   -0.7563    0.5453    0.3616
  244.3727  668.9666 -1783.1597   -0.7041    0.5848    0.4028
  267.1425  673.3589 -1783.4492   -0.7021    0.6098    0.3676
  294.8256  678.8463 -1783.2726   -0.6693    0.6577    0.3457
  217.4162  716.4137 -1816.3372   -0.4551    0.6054    0.6530
  238.7068  716.4382 -1815.4658   -0.4418    0.6489    0.6195
  258.0511  717.1503 -1811.9823   -0.3231    0.7421    0.5872
  277.4747  711.2076 -1824.2908   -0.3985    0.7509    0.5266
  297.3639  709.9402 -1825.8938   -0.4183    0.7413    0.5249
  227.9415  752.9105 -1825.6432   -0.1579    0.6919    0.7046
  242.6384  749.4907 -1824.3239   -0.1479    0.7170    0.6812
  257.5155  748.2102 -1827.8892   -0.0706    0.7692    0.6351
  273.6358  737.4237 -1844.0728   -0.0730    0.8315    0.5507
  288.7330  733.8246 -1858.5216   -0.1399    0.8452    0.5159
  251.6988  794.5770 -1864.1149   -0.8073   -0.3481   -0.4766
  275.7639  798.0929 -1863.9685   -0.8021   -0.3145   -0.5077
  293.2233  790.2313 -1870.8010   -0.7837   -0.3091   -0.5387
  302.2085  778.4132 -1883.7026   -0.7750   -0.2884   -0.5623
  305.1390  768.7120 -1896.4802   -0.7749   -0.2701   -0.5715
  282.6663  880.3096 -1912.7290   -0.6945   -0.0057   -0.7195
  297.6009  874.6631 -1916.4995   -0.6683   -0.0091   -0.7438
  310.0299  859.1556 -1917.9919   -0.6623   -0.0259   -0.7488
  316.2633  857.2271 -1919.0850   -0.6654   -0.0131   -0.7464
  329.2494  854.1429 -1923.5813   -0.6525   -0.0330   -0.7570
  368.3488  976.7560 -1900.0681   -0.5871    0.3125   -0.7467
