% Ascii stylus data file created by FastSCAN V4.0.7 on Tue May 18 09:46:19 2021
% raw surface, 51 visible points, bounding box reference
% x y z dx dy dz
  499.3418  107.0508 -1483.0881    0.2436   -0.9614   -0.1283
  504.2219  123.3600 -1487.9672    0.1818   -0.9686   -0.1697
  515.6204  133.5457 -1488.7551    0.1613   -0.9692   -0.1861
  530.1405  129.0326 -1486.5861    0.1239   -0.9698   -0.2101
  540.9530  121.5355 -1481.3102   -0.0135   -0.9602   -0.2788
  494.6458  110.5054 -1536.2052    0.5022   -0.8325   -0.2339
  499.8100  135.8865 -1536.3757    0.4542   -0.8550   -0.2504
  506.4130  161.2812 -1535.1846    0.3341   -0.8929   -0.3018
  529.4150  134.8190 -1540.1033   -0.3963   -0.8240   -0.4049
  547.0837  125.6430 -1550.3862   -0.3368   -0.8268   -0.4506
  453.8828  163.1209 -1581.0759   -0.1914   -0.6065   -0.7717
  479.2274  173.1360 -1585.7061   -0.1340   -0.6191   -0.7738
  494.6021  185.9391 -1586.2090   -0.1151   -0.6129   -0.7818
  521.6438  186.6189 -1592.2726   -0.0651   -0.6256   -0.7774
  544.9565  189.0104 -1588.3816   -0.0290   -0.6398   -0.7680
  441.0092  221.8257 -1630.6531   -0.4895   -0.5477   -0.6785
  462.2413  210.0335 -1639.3347   -0.3853   -0.5945   -0.7058
  481.1510  218.0695 -1633.5452   -0.3299   -0.5925   -0.7349
  499.3058  224.7344 -1630.8555   -0.2861   -0.5894   -0.7554
  522.7971  234.8943 -1624.7476   -0.2406   -0.5955   -0.7665
  421.6611  246.7172 -1701.7090    0.2430   -0.7091   -0.6619
  438.1756  258.4680 -1694.3822    0.2562   -0.7198   -0.6451
  445.8456  279.8022 -1688.1378    0.2405   -0.7131   -0.6585
  462.8613  289.7313 -1691.0684    0.2649   -0.6981   -0.6653
  473.0187  315.2499 -1687.2078    0.2842   -0.6799   -0.6760
  391.6266  320.8758 -1713.0005   -0.4647   -0.5637   -0.6829
  399.7338  335.8440 -1736.0636   -0.4267   -0.5474   -0.7199
  415.2196  346.1138 -1740.0219   -0.3900   -0.5429   -0.7437
  438.7102  349.5446 -1745.1006   -0.3421   -0.5477   -0.7635
  456.3314  357.0923 -1752.0105   -0.3053   -0.5381   -0.7857
  364.7372  399.5959 -1740.7795   -0.4899   -0.4540   -0.7442
  376.9301  388.4961 -1758.1287   -0.4135   -0.4315   -0.8017
  393.4254  388.3457 -1764.0962   -0.3254   -0.3944   -0.8594
  404.6758  396.7177 -1752.5635   -0.3099   -0.3724   -0.8748
  419.7672  408.8077 -1743.7302   -0.2926   -0.3656   -0.8836
  324.2855  438.5915 -1789.5345   -0.1086   -0.5487   -0.8289
  340.8567  445.5985 -1788.3472   -0.0661   -0.5358   -0.8418
  354.6882  457.4014 -1786.2809   -0.0375   -0.5112   -0.8587
  364.2145  469.3241 -1788.8345   -0.0034   -0.5157   -0.8568
  368.6303  486.3156 -1779.6587   -0.0139   -0.4988   -0.8666
  294.5547  505.6140 -1811.7599   -0.2039    0.0553   -0.9774
  314.1886  517.3961 -1808.8101   -0.1767    0.0532   -0.9828
  324.5218  522.3300 -1810.8671   -0.1901    0.0589   -0.9800
  336.9845  533.8965 -1810.4174   -0.1738    0.0790   -0.9816
  344.5449  541.0849 -1814.2949   -0.1725    0.0770   -0.9820
  282.2848  555.0019 -1746.5729   -0.4637    0.5425   -0.7005
  290.7169  565.7280 -1747.3923   -0.4208    0.5763   -0.7006
  304.2369  570.8358 -1745.1746   -0.3939    0.5886   -0.7059
  316.0144  573.5898 -1750.0305   -0.3724    0.5928   -0.7141
  327.6712  580.8223 -1747.1101   -0.3603    0.6219   -0.6953
  298.7612  565.5450 -1558.7550   -0.5678    0.7348   -0.3711
