% Ascii stylus data file created by FastSCAN V4.0.7 on Tue May 18 09:05:07 2021
% raw surface, 61 visible points, bounding box reference
% x y z dx dy dz
  286.7197  -35.8458 -1413.1106   -0.8801   -0.4653   -0.0947
  298.4141  -35.9426 -1416.6440   -0.8914   -0.4387   -0.1142
  314.7572  -35.7781 -1420.2747   -0.9010   -0.4075   -0.1488
  323.5713  -50.7089 -1421.8303   -0.8830   -0.4377   -0.1694
  337.0553  -50.5868 -1423.2134   -0.8884   -0.4034   -0.2190
  274.6765  -28.1661 -1430.1848   -0.8686   -0.4367   -0.2340
  288.6901  -31.0870 -1432.2393   -0.8709   -0.4278   -0.2420
  315.6504  -28.1137 -1436.4297   -0.8800   -0.3901   -0.2711
  321.7589  -45.5792 -1441.9519   -0.8678   -0.3985   -0.2968
  327.9068  -63.2958 -1454.0714   -0.8529   -0.3908   -0.3463
  293.0966    0.2111 -1457.7627   -0.8750   -0.2572   -0.4102
  307.3741   -5.4048 -1464.7520   -0.8563   -0.2716   -0.4393
  322.8327  -12.5000 -1464.1772   -0.8457   -0.2787   -0.4551
  330.1190  -23.1731 -1468.2649   -0.8199   -0.3010   -0.4869
  349.0661  -36.2612 -1468.6943   -0.8004   -0.3147   -0.5103
  330.7102   33.8396 -1475.6106   -0.8298   -0.1276   -0.5432
  329.2075   19.4091 -1485.7395   -0.8109   -0.1752   -0.5583
  329.7005    4.3316 -1487.5386   -0.7406   -0.2232   -0.6338
  349.7109    3.7312 -1487.2000   -0.6276   -0.2564   -0.7351
  364.0774    6.5173 -1485.3439   -0.6359   -0.2313   -0.7363
  326.5000   56.9830 -1508.7164   -0.8642   -0.1596   -0.4772
  329.2639   44.7125 -1517.3152   -0.8423   -0.1908   -0.5042
  341.1750   34.2205 -1522.5087   -0.8092   -0.2136   -0.5473
  352.8225   28.9606 -1529.8352   -0.7958   -0.2401   -0.5559
  374.8691   16.2831 -1532.9663   -0.7505   -0.2647   -0.6056
  318.2364   65.2480 -1524.0587   -0.8349   -0.1618   -0.5261
  327.3989   55.2243 -1531.0154   -0.8105   -0.1872   -0.5551
  349.6032   49.7337 -1536.5774   -0.7925   -0.1901   -0.5795
  352.4101   35.8306 -1538.9258   -0.7856   -0.2136   -0.5806
  373.7250   24.3645 -1551.1987   -0.7477   -0.2395   -0.6193
  319.1774   84.2584 -1549.5699   -0.4417   -0.2713   -0.8552
  336.6844   76.0290 -1556.6460   -0.4265   -0.2628   -0.8655
  362.0901   76.4082 -1553.2878   -0.4285   -0.2165   -0.8772
  371.7876   53.9109 -1566.4287   -0.4135   -0.2477   -0.8762
  376.6880   40.7798 -1588.5607   -0.3993   -0.2790   -0.8734
  327.0951   96.7899 -1587.0751   -0.3903   -0.1894   -0.9010
  346.2014   93.2914 -1578.4172   -0.3719   -0.1647   -0.9136
  369.1950   99.2650 -1572.8069   -0.4050   -0.1155   -0.9070
  383.7409   87.6397 -1592.2175   -0.3655   -0.1155   -0.9236
  398.9095   74.7947 -1610.5924   -0.3191   -0.1308   -0.9387
  348.8242  141.5281 -1586.4407   -0.3777    0.0274   -0.9255
  372.4359  136.8484 -1590.8877   -0.3425    0.0154   -0.9394
  391.3240  131.4248 -1591.4941   -0.3387    0.0154   -0.9408
  402.3359  120.5900 -1600.8909   -0.3109   -0.0092   -0.9504
  418.5389  103.7661 -1606.8438   -0.2759   -0.0332   -0.9606
  379.5795  169.7613 -1581.5953   -0.3902    0.1085   -0.9143
  390.5667  157.5187 -1596.8799   -0.3531    0.0756   -0.9325
  401.3665  151.3225 -1602.6975   -0.3301    0.0652   -0.9417
  416.0759  142.0495 -1602.0459   -0.3097    0.0669   -0.9485
  430.4713  136.0583 -1597.9714   -0.3061    0.0663   -0.9497
  416.2473  205.0319 -1592.1602   -0.3348    0.1858   -0.9238
  419.3135  199.1359 -1611.7153   -0.3136    0.1569   -0.9365
  429.7233  196.4172 -1620.7819   -0.2855    0.1384   -0.9483
  446.4390  187.3841 -1622.0359   -0.2609    0.1241   -0.9574
  458.3994  182.0900 -1620.9419   -0.2478    0.1078   -0.9628
  449.5808  266.2410 -1621.7942   -0.1922    0.2295   -0.9541
  463.6277  255.7771 -1624.6509   -0.1762    0.2205   -0.9593
  470.4751  249.7734 -1628.9473   -0.1710    0.2077   -0.9631
  479.3018  242.2582 -1633.2095   -0.1501    0.1934   -0.9696
  487.6203  235.1402 -1637.9014   -0.1323    0.1863   -0.9735
  543.5776  287.3872 -1513.4568    0.2343    0.5738   -0.7847
