% Ascii stylus data file created by FastSCAN V4.0.7 on Tue May 18 11:07:55 2021
% raw surface, 46 visible points, bounding box reference
% x y z dx dy dz
  357.2686  393.0643 -1599.9044    0.8977   -0.1396   -0.4179
  346.0929  405.7516 -1604.3434    0.8976   -0.0715   -0.4349
  335.8886  420.8082 -1607.2180    0.8824   -0.0525   -0.4675
  343.9851  434.1638 -1599.3704    0.8894   -0.0197   -0.4567
  348.0511  444.1823 -1590.1851    0.9058   -0.0190   -0.4234
  309.8448  381.4898 -1664.8069    0.7714   -0.4658   -0.4335
  322.4312  401.3830 -1671.8779    0.8030   -0.3837   -0.4560
  320.5676  425.4712 -1670.5671    0.8144   -0.2921   -0.5014
  339.8620  442.9398 -1665.5957    0.8476   -0.2520   -0.4670
  360.4723  455.5461 -1667.8342    0.8856   -0.1866   -0.4252
  316.7854  387.8478 -1732.0383    0.7696   -0.2434   -0.5903
  311.2467  413.4272 -1724.9458    0.7778   -0.1644   -0.6066
  305.7579  431.1449 -1716.2439    0.7433   -0.2303   -0.6281
  326.4663  442.4221 -1721.1738    0.4431   -0.6291   -0.6387
  351.4303  438.5739 -1726.2844    0.5230   -0.6596   -0.5399
  264.1230  400.0093 -1760.5027    0.6466   -0.2333   -0.7262
  272.2968  425.1017 -1758.6342    0.6607   -0.1264   -0.7399
  280.4212  447.9233 -1750.9105    0.6399   -0.0923   -0.7629
  296.8077  457.7299 -1761.7787    0.4446   -0.4776   -0.7578
  326.3684  450.7665 -1773.1626    0.4272   -0.5426   -0.7232
  190.9652  422.5308 -1833.5642    0.2758   -0.2942   -0.9151
  191.3082  443.4357 -1828.7249    0.2931   -0.2802   -0.9141
  191.1792  480.1554 -1824.5605    0.2828   -0.2348   -0.9300
  206.1191  496.8176 -1833.8389    0.3209   -0.2000   -0.9258
  221.1777  518.3732 -1845.3718    0.3502   -0.1580   -0.9233
  115.7664  457.0755 -1829.6357    0.0972   -0.3731   -0.9227
  123.8708  479.0037 -1843.7756    0.1316   -0.3021   -0.9441
  137.4109  499.8999 -1849.7017    0.1779   -0.2213   -0.9589
  139.3788  518.8362 -1848.7439    0.2018   -0.1584   -0.9665
  140.0302  551.6275 -1838.0627    0.2821   -0.0954   -0.9546
   53.3426  480.2254 -1874.2642    0.1674   -0.2786   -0.9457
   60.5008  500.6057 -1875.4106    0.1754   -0.2313   -0.9569
   65.9708  523.8123 -1869.7378    0.2012   -0.1947   -0.9600
   66.5517  544.8712 -1876.1311    0.2206   -0.1387   -0.9654
   66.9811  569.3239 -1879.8572    0.2740   -0.0979   -0.9567
  -30.5019  512.8235 -1883.1111   -0.0693   -0.1873   -0.9799
  -21.5563  532.1101 -1880.4142   -0.0255   -0.1634   -0.9862
  -16.0704  544.7511 -1873.0748    0.0070   -0.1589   -0.9873
  -12.0105  565.5892 -1873.8691    0.0192   -0.1126   -0.9935
   -9.6668  587.3906 -1873.8292    0.0349   -0.0552   -0.9979
 -101.4471  543.7776 -1846.3969   -0.2783   -0.1968   -0.9401
  -86.5342  557.6522 -1853.1973   -0.2146   -0.1706   -0.9617
  -83.2166  566.5284 -1850.4580   -0.2019   -0.1692   -0.9647
  -83.0393  581.8189 -1852.4785   -0.1846   -0.1460   -0.9719
  -82.9394  595.7081 -1851.0474   -0.1549   -0.1401   -0.9780
 -186.1152  589.8317 -1727.9956   -0.4912   -0.2105   -0.8452
