% Ascii stylus data file created by FastSCAN V4.0.7 on Tue May 18 09:42:09 2021
% raw surface, 58 visible points, bounding box reference
% x y z dx dy dz
  472.0560   28.9953 -1359.2493    0.5308   -0.6383   -0.5575
  473.1552   49.8042 -1369.0947    0.5321   -0.6122   -0.5849
  481.3156   77.6510 -1378.9648    0.4847   -0.6024   -0.6342
  499.7260   56.7513 -1370.7509    0.4095   -0.6917   -0.5948
  506.0936   45.7998 -1358.5688    0.3836   -0.7304   -0.5651
  455.8462   26.6295 -1412.3364    0.6082   -0.5756   -0.5466
  463.3600   47.6037 -1401.7000    0.5986   -0.5645   -0.5683
  478.8695   88.4922 -1400.3615    0.5301   -0.5979   -0.6013
  488.6837   84.1593 -1405.8508   -0.3348   -0.7057   -0.6244
  526.9255   85.7913 -1417.3038   -0.4446   -0.7573   -0.4783
  426.9349  102.4276 -1445.4495   -0.0407   -0.5001   -0.8650
  447.4695  109.1669 -1450.7449   -0.0085   -0.4807   -0.8769
  472.0088  134.8403 -1451.7273   -0.0375   -0.4914   -0.8701
  477.4014  115.3727 -1456.4041   -0.7987   -0.4692   -0.3767
  501.5135  105.2073 -1476.2356   -0.7356   -0.4983   -0.4590
  431.0480  171.9124 -1455.5898   -0.7761   -0.2879   -0.5610
  448.8166  166.1966 -1470.0321   -0.7279   -0.3031   -0.6151
  472.0130  165.0241 -1479.3015   -0.7063   -0.3127   -0.6351
  487.5258  157.1794 -1488.2179   -0.6680   -0.3386   -0.6627
  509.9464  155.2738 -1495.3513   -0.6373   -0.3500   -0.6866
  461.0998  234.1537 -1486.0125   -0.8396   -0.0416   -0.5417
  463.5986  220.3192 -1507.7137   -0.8018   -0.0984   -0.5894
  471.3268  210.2055 -1523.1699   -0.7641   -0.1456   -0.6284
  483.9175  195.9170 -1537.0353   -0.7146   -0.2112   -0.6669
  499.2664  188.2550 -1549.6462   -0.6724   -0.2526   -0.6957
  445.2865  279.2166 -1526.6288   -0.9381   -0.1560   -0.3093
  449.7874  265.5715 -1543.4031   -0.8996   -0.1870   -0.3946
  475.3858  258.1522 -1556.5291   -0.8543   -0.2047   -0.4777
  482.1528  245.0210 -1575.0709   -0.8180   -0.2330   -0.5259
  501.3164  234.2511 -1587.1809   -0.7609   -0.2624   -0.5935
  433.3736  327.5001 -1581.1484   -0.8190   -0.0435   -0.5721
  464.2541  327.7068 -1584.2312   -0.7853   -0.0428   -0.6177
  484.7498  318.3861 -1592.8423   -0.7626   -0.0573   -0.6443
  491.7446  307.0074 -1608.9745   -0.7388   -0.0712   -0.6702
  500.3810  298.8882 -1632.2351   -0.6980   -0.0983   -0.7094
  462.3089  376.0103 -1583.8207   -0.6331    0.1905   -0.7503
  475.9699  367.9884 -1598.7950   -0.5974    0.1641   -0.7850
  495.9584  364.8415 -1611.2391   -0.5535    0.1484   -0.8195
  508.5510  359.2000 -1621.6936   -0.5148    0.1292   -0.8475
  536.1825  356.7477 -1622.2495   -0.4376    0.1246   -0.8905
  483.1559  414.2569 -1588.5264   -0.5973    0.3159   -0.7372
  497.2158  401.3480 -1607.5404   -0.5481    0.2537   -0.7970
  505.3085  395.7328 -1618.1404   -0.5142    0.2240   -0.8279
  523.3469  393.9844 -1624.9276   -0.4711    0.2135   -0.8559
  542.9673  390.9563 -1618.5914   -0.4422    0.2138   -0.8710
  504.3968  455.5416 -1612.6786   -0.4946    0.1726   -0.8518
  513.1067  449.3593 -1623.6919   -0.4618    0.1468   -0.8747
  524.6240  438.1002 -1633.4185   -0.3837    0.1352   -0.9135
  542.9817  431.2851 -1620.5015   -0.3214    0.1503   -0.9349
  545.7753  431.4483 -1615.5719   -0.3257    0.1664   -0.9307
  532.3795  537.2698 -1650.7573   -0.3878   -0.0039   -0.9217
  539.1549  538.9980 -1646.7356   -0.3747    0.0121   -0.9271
  544.4430  535.4869 -1647.3364   -0.3850    0.0157   -0.9228
  553.4706  534.0367 -1647.6250   -0.3681    0.0262   -0.9294
  568.8484  532.3943 -1648.0157   -0.3515    0.0275   -0.9358
  553.9478  647.8415 -1602.0508   -0.3512    0.4501   -0.8210
