% Ascii stylus data file created by FastSCAN V4.0.7 on Tue May 18 10:11:36 2021
% raw surface, 63 visible points, bounding box reference
% x y z dx dy dz
  596.8417  547.3387 -1644.0521    0.3329   -0.7878   -0.5183
  602.0798  542.0959 -1657.1868    0.3632   -0.7568   -0.5435
  601.4272  562.1144 -1666.6182    0.3569   -0.7343   -0.5775
  619.3611  558.0624 -1661.8125    0.3983   -0.7289   -0.5568
  631.0999  564.8314 -1645.8049    0.4190   -0.7266   -0.5445
  578.7305  528.0672 -1678.9362    0.4138   -0.7188   -0.5587
  588.8107  538.9363 -1678.8533    0.4268   -0.6984   -0.5746
  587.0712  571.1226 -1686.9121    0.4032   -0.6653   -0.6283
  600.7878  569.2759 -1695.0662    0.4277   -0.6519   -0.6261
  612.5458  588.1546 -1696.3223    0.4358   -0.6251   -0.6476
  583.1871  545.9971 -1724.8427    0.6427   -0.1337   -0.7544
  574.8436  562.9231 -1713.3103    0.5738   -0.1132   -0.8111
  560.0858  584.5298 -1708.7620    0.4743   -0.1652   -0.8647
  579.0786  591.6888 -1728.0576    0.4800   -0.1592   -0.8627
  591.2235  611.1343 -1725.1129    0.4604   -0.1471   -0.8755
  545.2859  552.8142 -1731.7358    0.3513   -0.1864   -0.9175
  551.0553  574.7491 -1733.8014    0.3317   -0.1224   -0.9354
  545.3849  592.3333 -1730.7024    0.2872   -0.1196   -0.9504
  566.4459  603.0043 -1732.2039    0.3025   -0.1027   -0.9476
  569.8457  616.2037 -1735.0135    0.2910   -0.1050   -0.9509
  489.5965  590.6844 -1750.2227    0.1816   -0.5753   -0.7975
  496.2146  587.0499 -1771.3951    0.1380   -0.6036   -0.7853
  504.6310  612.8922 -1781.8250    0.3402   -0.4443   -0.8288
  503.3012  628.0903 -1772.9265    0.5633   -0.2643   -0.7828
  501.3138  637.7554 -1760.2640    0.5570   -0.2735   -0.7842
  450.9498  602.6675 -1797.6001    0.1252   -0.6515   -0.7482
  462.4842  613.0828 -1808.5769    0.1667   -0.5940   -0.7870
  465.5649  631.4423 -1815.6973    0.1985   -0.5189   -0.8315
  479.4366  651.1545 -1823.8159    0.2099   -0.4910   -0.8455
  492.5250  659.3862 -1833.7659    0.2133   -0.4630   -0.8603
  409.6913  625.1563 -1839.2231    0.0857   -0.4463   -0.8908
  421.5695  645.1407 -1834.2324    0.1131   -0.4033   -0.9081
  429.6410  661.4545 -1834.0785    0.1200   -0.3833   -0.9158
  438.6132  670.3591 -1848.9976   -0.1880   -0.6393   -0.7456
  451.0492  678.0441 -1865.4514   -0.1201   -0.5959   -0.7940
  384.9785  656.3571 -1859.6901    0.0418   -0.1062   -0.9935
  392.0879  669.3707 -1846.8098    0.0598   -0.0772   -0.9952
  402.1833  676.7633 -1842.0671    0.0533   -0.1105   -0.9924
  418.2733  686.1450 -1853.1630   -0.3585   -0.5441   -0.7586
  434.9269  699.9232 -1851.6877   -0.3056   -0.5058   -0.8067
  342.2657  678.8914 -1847.1741   -0.1618   -0.2045   -0.9654
  346.1372  695.7921 -1848.5530   -0.1421   -0.1612   -0.9766
  362.2093  721.3444 -1841.5663   -0.0997   -0.1154   -0.9883
  375.0987  725.5649 -1840.7510   -0.0384   -0.1434   -0.9889
  381.2899  734.7506 -1830.5200   -0.0481   -0.1309   -0.9902
  295.4063  714.2130 -1870.0720   -0.0276   -0.1575   -0.9871
  302.0260  719.7840 -1863.3242   -0.0087   -0.1335   -0.9910
  318.3026  736.5184 -1847.5266    0.0287   -0.1310   -0.9910
  325.8559  748.8874 -1853.6904    0.0108   -0.1424   -0.9898
  336.8940  765.8930 -1855.3481    0.0233   -0.1206   -0.9924
  255.3080  726.5366 -1851.5168    0.3443   -0.2963    0.8909
  262.5398  737.9288 -1857.3132    0.2990   -0.2964    0.9071
  270.2490  754.5283 -1853.0984    0.3291   -0.2323    0.9153
  280.7608  755.4831 -1866.9996    0.3089   -0.2875    0.9066
  281.8073  760.7172 -1882.9375    0.2283   -0.4744    0.8502
  198.1222  763.7800 -1826.3984    0.1606   -0.5658    0.8088
  202.4046  774.2659 -1827.8596    0.1274   -0.6084    0.7833
  208.7155  782.5694 -1825.7712    0.1009   -0.6279    0.7717
  214.8628  790.7338 -1825.7573    0.1094   -0.6358    0.7640
  220.6529  805.7891 -1830.8540    0.1158   -0.6573    0.7447
  152.5041  819.9665 -1696.7217    0.3266   -0.8834    0.3361
