% Ascii stylus data file created by FastSCAN V4.0.7 on Tue May 18 10:36:02 2021
% raw surface, 61 visible points, bounding box reference
% x y z dx dy dz
  476.3552  293.6590 -1489.3938   -0.4101   -0.9100   -0.0610
  482.4641  293.2838 -1501.6965   -0.3843   -0.9184   -0.0938
  498.0154  298.8338 -1509.4624   -0.3734   -0.9206   -0.1140
  507.2935  282.0110 -1502.0002   -0.4089   -0.9109   -0.0554
  519.4353  273.3010 -1488.0320   -0.3999   -0.9159   -0.0352
  450.7914  287.0345 -1541.8584    0.0165   -0.9930   -0.1170
  469.8264  296.5458 -1540.2977    0.0397   -0.9932   -0.1091
  494.8363  310.8454 -1546.0598    0.0530   -0.9890   -0.1383
  512.1008  294.8575 -1552.2769   -0.5034   -0.8151   -0.2867
  539.0728  303.8900 -1569.1555   -0.4673   -0.8119   -0.3500
  454.1266  295.1147 -1577.4277    0.0694   -0.9752   -0.2101
  468.3977  309.9550 -1578.4921    0.0858   -0.9743   -0.2080
  496.9621  319.0937 -1575.4861    0.1322   -0.9699   -0.2047
  515.8909  319.6157 -1576.7556    0.1807   -0.9560   -0.2310
  532.2423  338.0311 -1582.6865    0.1819   -0.9479   -0.2616
  452.4380  300.9683 -1607.6210    0.0839   -0.9648   -0.2492
  468.8579  316.2081 -1608.2302    0.1255   -0.9561   -0.2649
  489.5670  327.5184 -1606.9424    0.1800   -0.9465   -0.2680
  498.6710  339.7016 -1608.2131    0.2444   -0.9235   -0.2957
  497.9557  364.8833 -1609.7153    0.2235   -0.9257   -0.3051
  450.2778  326.9455 -1646.8933    0.1047   -0.9447   -0.3108
  474.9721  328.0930 -1644.0149    0.1626   -0.9384   -0.3048
  491.8291  338.8168 -1641.3599    0.2121   -0.9240   -0.3181
  510.4799  343.7242 -1643.3374    0.2492   -0.9242   -0.2892
  524.4657  364.2945 -1644.3517    0.2906   -0.9066   -0.3061
  470.0416  314.5153 -1694.7948    0.3023   -0.9068   -0.2939
  476.7213  332.9361 -1691.3513    0.3117   -0.9025   -0.2972
  491.9622  361.4488 -1689.9019    0.3383   -0.8828   -0.3259
  502.4378  373.7023 -1691.3433    0.3680   -0.8661   -0.3383
  515.4349  403.0258 -1686.7068    0.3997   -0.8580   -0.3227
  448.4008  365.1637 -1737.3011    0.2099   -0.8871   -0.4112
  471.9274  373.4396 -1736.7363    0.2690   -0.8717   -0.4097
  494.6129  384.8463 -1735.1973    0.3048   -0.8637   -0.4015
  513.8712  390.4326 -1733.9070    0.3344   -0.8530   -0.4006
  542.3433  405.1474 -1730.9553    0.3877   -0.8333   -0.3941
  484.8635  391.7339 -1808.3726    0.7627   -0.6464    0.0224
  480.7859  407.4055 -1801.5577    0.7570   -0.6532    0.0182
  497.4267  427.9183 -1791.6134    0.1620   -0.8303   -0.5333
  523.1262  409.0148 -1796.9192   -0.0419   -0.7962   -0.6036
  548.2843  398.1642 -1799.3378   -0.0046   -0.8046   -0.5938
  510.7718  426.3113 -1851.3802    0.6590   -0.0290    0.7515
  494.8124  439.4560 -1849.3157    0.7587   -0.0571    0.6489
  495.4098  467.4175 -1833.6179    0.6457   -0.6643   -0.3766
  510.1276  472.4037 -1835.4008    0.2665   -0.7038   -0.6585
  538.5880  468.5401 -1831.2466    0.0980   -0.6856   -0.7214
  511.9278  476.3694 -1885.8337    0.5905    0.1028    0.8005
  491.5600  485.7178 -1878.4768    0.7204   -0.0400    0.6924
  495.5171  500.3263 -1864.8574    0.5078   -0.7252   -0.4650
  513.9396  508.7608 -1864.3447    0.5088   -0.6975   -0.5046
  530.9214  523.7452 -1856.3914    0.5423   -0.6777   -0.4966
  477.2661  536.8763 -1936.4390    0.6848   -0.5408   -0.4885
  480.1576  555.4797 -1921.3308    0.6758   -0.5341   -0.5079
  497.3266  550.9648 -1909.0771    0.5790   -0.6022   -0.5497
  521.4957  538.8369 -1910.8059    0.4322   -0.6697   -0.6039
  529.7054  549.4012 -1912.7888    0.3730   -0.6932   -0.6167
  474.8137  613.3020 -1967.4727    0.3108   -0.5943   -0.7417
  486.7824  617.0909 -1956.8594    0.3320   -0.6017   -0.7264
  502.1058  609.9275 -1957.9075    0.3116   -0.6146   -0.7247
  513.7528  612.7012 -1965.1401   -0.1334   -0.5213   -0.8429
  527.5367  593.5600 -1976.3047   -0.5464   -0.4311   -0.7181
  518.9078  728.5390 -2028.3604   -0.4474   -0.1814   -0.8757
