% Ascii stylus data file created by FastSCAN V4.0.7 on Tue May 18 09:19:33 2021
% raw surface, 71 visible points, bounding box reference
% x y z dx dy dz
  490.9484  105.4073 -1446.0767    0.4438   -0.4948   -0.7471
  499.5039  115.1152 -1450.4746    0.4577   -0.4626   -0.7593
  510.4059  131.5664 -1450.1366    0.4561   -0.4543   -0.7652
  518.0430  132.3651 -1448.6866    0.4850   -0.4343   -0.7591
  522.6161  137.3178 -1434.7708    0.4685   -0.4573   -0.7559
  467.8639  135.2134 -1464.1836   -0.0499   -0.1281    0.9905
  485.2189  143.0869 -1482.5959   -0.1015   -0.2200    0.9702
  500.2505  151.9488 -1478.4081   -0.1025   -0.2305    0.9676
  516.9270  157.6483 -1486.1162   -0.0889   -0.2687    0.9591
  534.4662  169.8717 -1482.9382   -0.0608   -0.2741    0.9598
  446.0201  163.3562 -1497.2201   -0.0457    0.2306    0.9720
  469.2293  164.5127 -1500.0123   -0.1681    0.0637    0.9837
  484.4760  172.8147 -1501.4736   -0.1997    0.0089    0.9798
  496.7102  184.3330 -1494.3816   -0.2852   -0.0776    0.9553
  510.6124  194.6646 -1476.9418   -0.2684   -0.0756    0.9604
  450.3773  176.3725 -1554.7815   -0.5166   -0.3220    0.7934
  460.3069  188.0324 -1542.4712   -0.5304   -0.3141    0.7874
  469.4537  197.6801 -1521.1384   -0.5259   -0.2758    0.8046
  472.9917  205.6000 -1505.4641   -0.6017   -0.3549    0.7155
  465.2579  208.7329 -1484.2781   -0.5968   -0.7861    0.1609
  407.7447  207.9029 -1549.2354   -0.4547   -0.2121    0.8650
  426.0221  220.1000 -1550.8053   -0.4520   -0.2034    0.8685
  446.4483  233.1788 -1544.5874   -0.5395   -0.2217    0.8123
  440.9189  229.8062 -1522.3110   -0.4019   -0.5326   -0.7449
  417.8791  220.5766 -1528.6028    0.2291   -0.2723   -0.9345
  390.4179  248.7861 -1537.4802    0.1280    0.0675    0.9895
  403.7272  257.6504 -1547.9564    0.0469    0.0596    0.9971
  424.0078  265.5316 -1562.2616   -0.3712   -0.1083    0.9222
  435.7292  268.6728 -1547.1558   -0.6803   -0.5027   -0.5334
  414.7585  269.2194 -1530.1359   -0.0238   -0.2111   -0.9772
  388.5316  286.1146 -1528.2214    0.3719    0.5352    0.7584
  395.0872  280.0983 -1552.8105    0.2829    0.5006    0.8182
  406.6465  286.2008 -1570.5774   -0.0100    0.2528    0.9675
  426.2479  297.5218 -1564.0039   -0.9281   -0.3235    0.1841
  421.4590  310.3325 -1537.9348   -0.8941   -0.3529   -0.2757
  329.8278  305.4067 -1580.7157   -0.3221    0.4451    0.8356
  350.9640  315.7058 -1586.7983   -0.3533    0.3879    0.8513
  376.1216  320.0697 -1583.3074   -0.3765    0.3482    0.8585
  397.0589  332.4352 -1595.3713   -0.4413    0.3354    0.8323
  415.2384  347.3903 -1597.7761   -0.6567    0.1885    0.7302
  300.3934  346.8429 -1580.1948   -0.0037   -0.0786    0.9969
  317.6633  362.7014 -1579.8657   -0.0630   -0.0387    0.9973
  336.0100  376.3694 -1573.5822   -0.0933   -0.0084    0.9956
  357.7291  387.5083 -1585.0587   -0.1855   -0.0525    0.9812
  385.5275  387.9940 -1584.2161   -0.3664   -0.0973    0.9253
  288.6974  406.0245 -1508.6652    0.7343    0.3517    0.5806
  280.1805  419.3779 -1532.1599    0.6077    0.2921    0.7385
  293.5081  436.0044 -1544.3000   -0.1801   -0.4059    0.8960
  312.8108  436.6657 -1524.6747   -0.7509   -0.6604    0.0000
  310.9765  427.5891 -1501.3625   -0.7811   -0.6204   -0.0702
  258.1276  457.4559 -1480.0300    0.7489    0.5638    0.3483
  254.5240  465.9932 -1497.8503    0.6501    0.5778    0.4935
  261.1823  475.7567 -1516.7266   -0.0713   -0.3836    0.9207
  286.2059  476.3302 -1501.3164   -0.6737   -0.5901    0.4448
  287.0211  476.5072 -1478.3137   -0.8528   -0.5217   -0.0233
  212.0543  486.2428 -1476.7742    0.2882   -0.3779    0.8799
  220.8259  499.0044 -1487.7798    0.1299   -0.6635    0.7368
  237.2976  507.1057 -1484.4744    0.1312   -0.6921    0.7098
  247.3989  516.7590 -1483.2676    0.1219   -0.7143    0.6891
  262.7574  534.2709 -1481.1506    0.1469   -0.7303    0.6671
  193.4488  523.4448 -1447.4194    0.1530   -0.9861    0.0652
  204.7525  523.9094 -1439.9004    0.1545   -0.9862    0.0597
  214.0158  524.4348 -1433.5916    0.1712   -0.9835    0.0586
  225.6344  530.8687 -1431.0469    0.2135   -0.9743    0.0725
  236.8208  535.8618 -1422.5813    0.2354   -0.9682    0.0847
  174.7731  519.2506 -1363.1282   -0.3702   -0.7498   -0.5483
  182.0750  516.4519 -1362.2847   -0.3268   -0.7638   -0.5566
  184.4334  513.9927 -1363.7500   -0.3247   -0.7649   -0.5563
  188.6185  509.7848 -1363.3878   -0.3238   -0.7701   -0.5497
  194.6905  505.7785 -1360.6699   -0.3139   -0.7767   -0.5461
  167.6499  505.7162 -1297.2372   -0.3941   -0.7488   -0.5329
