% Ascii stylus data file created by FastSCAN V4.0.7 on Tue May 18 09:52:05 2021
% raw surface, 72 visible points, bounding box reference
% x y z dx dy dz
  548.7167   31.0326 -1112.5593   -0.0870   -0.9906    0.1058
  555.2607   37.3754 -1125.3567   -0.0537   -0.9962    0.0680
  563.7039   53.4464 -1136.5923   -0.0406   -0.9991    0.0125
  581.7529   52.5118 -1124.5229   -0.0418   -0.9991    0.0104
  592.7577   41.2662 -1104.7649   -0.0327   -0.9983    0.0486
  539.7004   64.3020 -1145.9683   -0.1938   -0.9787   -0.0678
  551.5581   52.2434 -1153.4231   -0.1357   -0.9852   -0.1050
  560.7690   57.2515 -1153.6973   -0.1155   -0.9874   -0.1079
  576.0796   51.5629 -1157.2253   -0.0785   -0.9894   -0.1219
  601.9694   43.6960 -1162.7410   -0.0174   -0.9940   -0.1080
  521.5835   50.9553 -1197.1831   -0.0888   -0.9768   -0.1951
  540.1692   57.3580 -1199.5105   -0.0184   -0.9771   -0.2122
  548.7876   75.5761 -1206.6459   -0.0104   -0.9718   -0.2354
  566.3671   65.6344 -1208.0286   -0.0182   -0.9771   -0.2121
  573.8826   37.8612 -1209.6602   -0.2197   -0.9578   -0.1851
  530.7828   56.8495 -1255.9401    0.5257   -0.8493   -0.0489
  529.5216   74.2795 -1248.3972    0.4727   -0.8800   -0.0458
  536.2065   95.6987 -1248.6705    0.4620   -0.8860   -0.0393
  550.1122   94.3344 -1247.4358    0.1753   -0.9743   -0.1415
  570.3467  108.3411 -1267.6891    0.1207   -0.9669   -0.2246
  522.0514   64.6894 -1292.6636    0.7633   -0.2990   -0.5726
  520.9990   82.6540 -1285.3586    0.7510   -0.3033   -0.5865
  521.0531  106.0006 -1283.5127    0.7274   -0.3096   -0.6124
  528.8049  123.8410 -1290.3633    0.7164   -0.2794   -0.6393
  519.0258  147.5084 -1294.1467    0.6809   -0.3193   -0.6591
  471.6574  108.7732 -1321.6296    0.0588   -0.8802   -0.4710
  493.1649  115.2562 -1325.1047    0.1238   -0.8695   -0.4781
  504.2933  125.4726 -1323.0668    0.1460   -0.8702   -0.4705
  517.4624  135.9333 -1322.6873    0.2025   -0.8567   -0.4744
  528.7775  153.5351 -1322.8896    0.2263   -0.8599   -0.4576
  460.9488  138.1403 -1346.0084   -0.0456   -0.9150   -0.4008
  477.7103  131.8512 -1352.4156    0.1455   -0.8502   -0.5060
  490.2460  139.6078 -1356.0342    0.3336   -0.6923   -0.6398
  491.2811  155.0995 -1351.6442    0.4948   -0.3253   -0.8058
  484.1787  172.6065 -1341.5364    0.4653   -0.3397   -0.8174
  441.8748  130.5329 -1382.1990    0.1228   -0.8881   -0.4430
  459.0276  140.2826 -1382.2095    0.1930   -0.8561   -0.4795
  470.4663  154.9879 -1384.3354    0.2407   -0.8225   -0.5152
  480.8309  171.1400 -1392.5406    0.3454   -0.7396   -0.5776
  490.6552  191.0546 -1397.3738    0.3777   -0.6890   -0.6185
  435.4596  141.3251 -1430.5596    0.4439   -0.4251   -0.7888
  441.0399  159.7317 -1423.4001    0.4533   -0.4056   -0.7938
  441.5592  179.5614 -1416.1692    0.4313   -0.4334   -0.7913
  457.8518  187.6616 -1424.4919    0.4532   -0.4196   -0.7865
  473.7681  193.0731 -1438.2206    0.4649   -0.3933   -0.7932
  402.5085  176.6147 -1441.7081    0.3030   -0.2792   -0.9112
  435.4559  160.3592 -1420.3945    0.4014   -0.1919   -0.8956
  442.6009  176.9655 -1414.9691    0.3838   -0.1759   -0.9065
  456.1579  189.8770 -1426.0786    0.3622   -0.1711   -0.9163
  467.9094  197.6433 -1444.8176    0.2841   -0.3197   -0.9039
  368.2336  201.3556 -1448.8729   -0.2500   -0.0267   -0.9679
  377.6142  212.4156 -1445.4854   -0.2661   -0.0435   -0.9630
  382.4715  226.3729 -1446.4602   -0.2802   -0.0351   -0.9593
  389.2015  240.7702 -1444.7765   -0.2624   -0.0051   -0.9650
  396.6927  255.4109 -1444.0897   -0.2543    0.0087   -0.9671
  330.3128  242.1622 -1446.5087   -0.3017    0.2349   -0.9240
  340.9088  245.5369 -1437.0894   -0.3157    0.1815   -0.9313
  346.2086  257.8458 -1434.1152   -0.3114    0.2059   -0.9277
  354.6634  269.2713 -1440.1598   -0.3021    0.2062   -0.9307
  360.8058  280.3638 -1443.9241   -0.3127    0.2040   -0.9277
  310.4611  264.5233 -1395.8353   -0.6630    0.0014   -0.7486
  312.8648  274.8447 -1396.1128   -0.6589    0.0283   -0.7517
  314.4325  280.2682 -1398.6093   -0.6519    0.0342   -0.7575
  318.9726  287.9272 -1400.3416   -0.6443    0.0477   -0.7633
  321.1222  302.3078 -1405.5925   -0.6424    0.0833   -0.7618
  295.6275  295.6816 -1327.7900   -0.8643   -0.0027   -0.5030
  298.5964  299.3864 -1328.7347   -0.8529   -0.0056   -0.5220
  299.3936  304.2111 -1331.2261   -0.8482    0.0044   -0.5296
  300.2504  309.3442 -1334.5671   -0.8418    0.0214   -0.5393
  298.1944  314.9826 -1336.1376   -0.8433    0.0378   -0.5361
  286.7262  302.9893 -1234.4902   -0.9375    0.0457   -0.3450
