% Ascii stylus data file created by FastSCAN V4.0.7 on Tue May 18 09:29:37 2021
% raw surface, 61 visible points, bounding box reference
% x y z dx dy dz
  495.2541  -29.5559 -1291.4440   -0.3016   -0.6109   -0.7320
  507.7390  -26.6312 -1308.6185   -0.2997   -0.6077   -0.7355
  518.6090  -30.8383 -1311.5547   -0.2840   -0.6141   -0.7364
  524.5343  -48.0264 -1302.8207   -0.3708   -0.6042   -0.7053
  525.5931  -62.8775 -1295.0996   -0.3734   -0.6001   -0.7075
  482.9277   -7.3296 -1341.3374   -0.5985   -0.7418   -0.3027
  507.3556  -15.1424 -1335.8440   -0.5525   -0.7727   -0.3126
  524.8058  -24.7391 -1335.0469   -0.5352   -0.7810   -0.3219
  524.7725  -48.0285 -1341.0020   -0.8548   -0.4211   -0.3033
  522.1246  -69.7282 -1342.4406   -0.8467   -0.4357   -0.3054
  549.3862   24.4962 -1384.8467   -0.8188    0.2429   -0.5202
  539.3403    6.5428 -1388.8203   -0.8256    0.1686   -0.5385
  543.3385   -8.4135 -1393.5176   -0.8001    0.0808   -0.5944
  542.9658  -25.8814 -1397.6243   -0.8077    0.0772   -0.5846
  533.5720  -46.7193 -1404.0725   -0.7999    0.0540   -0.5976
  546.5216   46.4014 -1421.8031   -0.8886    0.0089   -0.4585
  554.0905   22.9630 -1427.5044   -0.8379   -0.0520   -0.5434
  556.3783    7.8133 -1430.1260   -0.8026   -0.0940   -0.5890
  563.2140  -13.3075 -1429.4382   -0.7864   -0.1551   -0.5980
  570.3185  -35.1868 -1432.7646   -0.7595   -0.2241   -0.6107
  538.0808   51.1698 -1447.1954   -0.8165   -0.5006   -0.2877
  548.5676   28.8004 -1447.4514   -0.7720   -0.5473   -0.3232
  564.4452   14.9512 -1451.6970   -0.7133   -0.5817   -0.3909
  573.8121   -2.6381 -1449.7700   -0.6726   -0.6062   -0.4244
  589.9907   -8.4659 -1451.0597   -0.6425   -0.6116   -0.4617
  541.9442   58.9459 -1495.0320   -0.4244   -0.5160   -0.7441
  555.2144   42.6291 -1487.7366   -0.3952   -0.5417   -0.7419
  576.1134   32.7818 -1478.0334   -0.3368   -0.5624   -0.7552
  591.9849   27.8498 -1471.7753   -0.2933   -0.5729   -0.7653
  619.4037   29.6638 -1470.5673   -0.2351   -0.5708   -0.7867
  570.5404   88.6908 -1504.2332   -0.3489   -0.4837   -0.8027
  583.4060   69.8666 -1507.6796   -0.2888   -0.5005   -0.8161
  600.2341   59.0807 -1506.2770   -0.2474   -0.5208   -0.8170
  611.5125   42.8338 -1502.1824   -0.1965   -0.5624   -0.8031
  630.4750   47.4667 -1498.3311   -0.1622   -0.5770   -0.8005
  594.7822  108.1520 -1547.1055   -0.1751   -0.4112   -0.8946
  611.1787   92.5309 -1531.9526   -0.1738   -0.4570   -0.8723
  628.5956   88.6895 -1527.9800   -0.1427   -0.4469   -0.8831
  641.3462   68.6013 -1533.9032   -0.1464   -0.4222   -0.8946
  649.1190   61.7920 -1552.0798   -0.1280   -0.3564   -0.9255
  677.9762  155.5236 -1524.5826   -0.5129    0.4867   -0.7071
  676.4316  147.6776 -1544.1025   -0.5407    0.3980   -0.7411
  684.1215  138.4252 -1552.5068   -0.5250    0.3184   -0.7893
  691.1731  131.1744 -1561.3608   -0.5073    0.2540   -0.8235
  709.8279  120.4229 -1571.1047   -0.4616    0.1908   -0.8663
  699.1698  189.6798 -1548.9260   -0.5505    0.1369   -0.8236
  706.9775  187.8779 -1553.5037   -0.5317    0.1417   -0.8350
  721.2822  166.1577 -1558.3135   -0.5076    0.1108   -0.8544
  731.5282  157.9242 -1561.6611   -0.4917    0.1275   -0.8614
  736.1721  154.5503 -1584.6957   -0.4704    0.1629   -0.8673
  761.3746  243.3536 -1552.3291    0.3124    0.6581   -0.6851
  765.8447  230.9374 -1549.7502    0.2870    0.6554   -0.6987
  766.8835  215.4251 -1551.5330    0.2503    0.6598   -0.7085
  772.3667  206.2435 -1557.6769    0.2504    0.6444   -0.7225
  782.9202  197.0336 -1566.8140    0.2574    0.6571   -0.7085
  827.3600  225.0347 -1415.2483    0.3824    0.7956   -0.4698
