% Ascii stylus data file created by FastSCAN V4.0.7 on Tue May 18 09:37:09 2021
% raw surface, 61 visible points, bounding box reference
% x y z dx dy dz
  393.5263  -95.3067 -1360.6245    0.5042   -0.8551   -0.1212
  385.3479  -77.7105 -1373.6064    0.4622   -0.8704   -0.1694
  385.3185  -54.6849 -1380.5308    0.4750   -0.8626   -0.1740
  406.5092  -51.9589 -1375.7966    0.4587   -0.8724   -0.1690
  431.9471  -55.1765 -1360.5958    0.4804   -0.8663   -0.1367
  352.0687  -97.5087 -1402.7944    0.3439   -0.8939   -0.2877
  372.9552  -78.5107 -1404.9614    0.3807   -0.8756   -0.2972
  378.7613  -45.3296 -1410.1565    0.3772   -0.8629   -0.3363
  410.8141  -52.9868 -1410.6959    0.3721   -0.8597   -0.3499
  440.9239  -55.8642 -1419.3689    0.4063   -0.8455   -0.3466
  351.8374  -87.0038 -1430.5804    0.3455   -0.8700   -0.3517
  364.6881  -70.7052 -1428.8893    0.3654   -0.8635   -0.3476
  368.7600  -38.4631 -1429.4857    0.3610   -0.8488   -0.3863
  393.1494  -36.2629 -1432.5861    0.3685   -0.8253   -0.4279
  414.3588  -14.2997 -1440.6248    0.1764   -0.8408   -0.5117
  314.4482  -44.7109 -1462.2115    0.1417   -0.8335   -0.5340
  336.3922  -39.4411 -1470.9324    0.2248   -0.7925   -0.5670
  346.6501  -21.7180 -1475.1208    0.2446   -0.7879   -0.5651
  349.9834   -9.9720 -1477.5731    0.4993   -0.8439   -0.1965
  344.6483   16.1154 -1470.1254    0.4515   -0.8696   -0.2000
  284.3646    6.6595 -1515.9167   -0.2946   -0.9145   -0.2772
  296.4928   -0.0500 -1533.6317   -0.1600   -0.9418   -0.2956
  313.1530   12.4963 -1545.9822   -0.1065   -0.9155   -0.3880
  326.4065   19.5970 -1557.3898   -0.0704   -0.9037   -0.4223
  347.9203   37.9405 -1565.9833   -0.0119   -0.8837   -0.4680
  248.3935   -3.8985 -1587.3798   -0.0427   -0.8476   -0.5289
  265.1597    6.7192 -1587.2285   -0.0165   -0.8337   -0.5519
  272.3780   38.6024 -1592.2053   -0.0160   -0.8010   -0.5984
  292.0609   46.4827 -1592.6243    0.0280   -0.7957   -0.6050
  308.6342   76.4678 -1596.3860    0.0697   -0.7554   -0.6515
  233.7079    7.2737 -1626.9127    0.4596   -0.4695   -0.7539
  242.1085   28.1233 -1628.6788    0.4392   -0.4123   -0.7982
  244.2050   57.2357 -1621.0010    0.3940   -0.3781   -0.8377
  261.0812   68.0325 -1636.8889    0.3903   -0.3538   -0.8500
  284.3437   90.4480 -1653.1614    0.4377   -0.2658   -0.8589
  213.4416   39.9485 -1682.9009    0.5090    0.0568   -0.8589
  211.2953   50.2434 -1660.2070    0.4644    0.0318   -0.8851
  211.8642   80.8016 -1649.5120    0.3936   -0.0253   -0.9189
  228.8176  106.0860 -1661.9551    0.3533   -0.0012   -0.9355
  242.2597  131.2143 -1673.8976    0.3274   -0.0116   -0.9448
  161.4946   71.9877 -1695.6765   -0.1121   -0.0148   -0.9936
  169.6092   89.6575 -1682.0450   -0.1191   -0.0355   -0.9922
  182.7861  108.7993 -1673.9111   -0.0997   -0.0574   -0.9934
  190.2315  132.9020 -1675.9117   -0.1229   -0.0261   -0.9921
  201.9215  153.1015 -1674.8733   -0.1458   -0.0096   -0.9893
  123.9414  101.7557 -1691.1521   -0.3033   -0.0251   -0.9526
  136.0262  127.9962 -1692.1372   -0.2677    0.0048   -0.9635
  141.0320  147.3942 -1697.2722   -0.2495   -0.0047   -0.9684
  149.0572  165.0828 -1702.9948   -0.2174    0.0035   -0.9761
  158.0757  174.8744 -1708.8892   -0.1888   -0.0379   -0.9813
   75.8478  153.4716 -1698.2874   -0.3730    0.0759   -0.9247
   89.9511  169.5974 -1697.4170   -0.3439    0.0677   -0.9366
   97.5814  181.5928 -1702.4888   -0.3381    0.0717   -0.9384
  107.4415  196.5547 -1707.4153   -0.3188    0.0938   -0.9432
  110.5837  214.3233 -1716.6917   -0.3209    0.1156   -0.9400
   38.9068  214.1097 -1680.9867   -0.4578    0.1609   -0.8744
   48.1176  221.3212 -1684.6292   -0.4283    0.1674   -0.8880
   58.2209  228.7343 -1687.2205   -0.4161    0.1852   -0.8903
   63.0124  239.6351 -1689.8149   -0.4068    0.1973   -0.8919
   69.2658  251.5928 -1690.0818   -0.4124    0.2197   -0.8841
   58.1383  292.8532 -1557.1375   -0.6823    0.4870   -0.5452
