% Ascii stylus data file created by FastSCAN V4.0.7 on Tue May 18 11:01:14 2021
% raw surface, 63 visible points, bounding box reference
% x y z dx dy dz
  396.2048  386.5156 -1455.3116    0.7660   -0.6426    0.0166
  403.6116  395.4695 -1463.2760    0.7876   -0.6156   -0.0254
  405.9801  411.2416 -1466.7131    0.8026   -0.5945   -0.0481
  417.4312  415.6248 -1458.1573    0.7979   -0.6021   -0.0285
  429.4640  418.5973 -1445.1667    0.8097   -0.5866   -0.0166
  397.1570  373.9353 -1493.3066    0.7312   -0.6728   -0.1127
  403.8834  393.6303 -1491.2122    0.7670   -0.6312   -0.1148
  403.4634  418.0222 -1495.9515    0.7952   -0.5906   -0.1375
  425.1363  419.3190 -1489.3613    0.8074   -0.5833   -0.0887
  427.7599  437.7538 -1487.5732    0.8346   -0.5444   -0.0841
  378.7164  401.4074 -1569.9336    0.6125   -0.7881   -0.0613
  390.4666  414.7249 -1561.9944    0.6763   -0.7337   -0.0654
  396.7361  435.7360 -1554.9998    0.6901   -0.7200   -0.0729
  421.0859  430.6760 -1543.7173    0.6740   -0.7342   -0.0820
  429.4389  442.8829 -1542.8113    0.6992   -0.7078   -0.1006
  397.4947  403.9017 -1606.5977    0.7518   -0.6458   -0.1331
  396.6010  428.6120 -1597.2155    0.7741   -0.6202   -0.1271
  392.7601  451.6142 -1597.1344    0.7684   -0.6196   -0.1602
  419.6480  448.3572 -1588.2904    0.7407   -0.6575   -0.1376
  432.6635  456.2934 -1581.7942    0.7571   -0.6414   -0.1242
  350.8573  439.7749 -1659.7427    0.7060   -0.5992   -0.3775
  375.9137  450.4521 -1649.9885    0.7408   -0.5808   -0.3375
  384.4826  470.2651 -1639.6655    0.7564   -0.5716   -0.3179
  401.4325  473.2715 -1629.0212    0.7719   -0.5716   -0.2783
  401.1516  492.9770 -1612.4441    0.7883   -0.5683   -0.2357
  328.3170  495.6424 -1701.9280   -0.1088   -0.8808   -0.4609
  356.5011  486.8075 -1707.9358   -0.0363   -0.8937   -0.4473
  371.1173  491.4026 -1707.1547    0.0639   -0.8965   -0.4385
  390.5747  502.7540 -1699.1965    0.1912   -0.8975   -0.3975
  395.5182  523.1122 -1691.9733    0.2208   -0.8943   -0.3891
  314.9986  534.4529 -1765.5966   -0.2687   -0.8030   -0.5320
  341.9105  518.3410 -1764.6262   -0.1677   -0.8226   -0.5434
  352.3896  518.2156 -1761.0779   -0.0933   -0.8470   -0.5234
  385.6100  527.6943 -1745.7502    0.0347   -0.8583   -0.5120
  398.1970  535.3943 -1738.2681    0.0633   -0.8691   -0.4906
  294.7572  551.1312 -1834.5208    0.3355   -0.6521   -0.6798
  321.4539  543.1857 -1820.6223    0.5367   -0.5618   -0.6296
  333.9839  552.8044 -1815.7542    0.6322   -0.4794   -0.6087
  341.0569  572.1893 -1803.8679    0.7160   -0.3353   -0.6123
  329.5314  593.2013 -1789.4180    0.7235   -0.3124   -0.6156
  285.6823  559.8352 -1906.6033    0.6653   -0.4731   -0.5775
  306.5859  569.0704 -1895.9170    0.8224   -0.2148   -0.5268
  315.0590  588.3119 -1884.0737    0.8547   -0.0638   -0.5152
  300.3377  600.0532 -1875.0508    0.8494    0.0171   -0.5275
  283.4837  611.1652 -1864.0596    0.8537    0.0455   -0.5188
  294.7427  577.2436 -1938.3708    0.8309   -0.1513   -0.5354
  306.0334  594.8918 -1930.2959    0.8497   -0.0692   -0.5226
  301.1284  602.2531 -1921.1155    0.8602   -0.0369   -0.5085
  281.8803  610.8253 -1914.1465    0.8603   -0.0075   -0.5097
  266.0392  621.8192 -1904.2000    0.8626    0.0194   -0.5056
  284.5597  608.0168 -1997.6697    0.9311    0.3649    0.0001
  294.1508  620.2718 -1996.2095    0.9194    0.3929   -0.0180
  283.0163  628.7028 -1988.4517    0.9191    0.3933   -0.0223
  258.2310  630.7543 -1978.1924    0.9328    0.3563   -0.0534
  246.0652  634.5216 -1975.4990    0.9349    0.3482   -0.0681
  254.4083  682.7796 -2090.7795   -0.1374   -0.5611   -0.8163
  241.3700  680.8898 -2087.4065   -0.1605   -0.5719   -0.8045
  231.7198  684.8049 -2084.4399   -0.1890   -0.5453   -0.8167
  223.8789  683.7385 -2081.9116   -0.2019   -0.5583   -0.8047
  213.7257  685.0181 -2079.3823   -0.2279   -0.5598   -0.7967
  251.4253  788.0046 -2103.7791   -0.0963   -0.3302   -0.9390
