% Ascii stylus data file created by FastSCAN V4.0.7 on Tue May 18 10:27:45 2021
% raw surface, 46 visible points, bounding box reference
% x y z dx dy dz
  386.1663  480.9691 -1141.4583    0.8264   -0.4705    0.3093
  378.4118  488.2588 -1162.5028    0.8199   -0.5322    0.2112
  372.8219  504.7367 -1171.8718    0.8128   -0.5616    0.1546
  388.8322  518.9454 -1157.7537    0.8046   -0.5624    0.1907
  400.9391  525.3414 -1145.6746    0.8097   -0.5644    0.1604
  366.3542  453.1589 -1219.8191    0.7339   -0.6609   -0.1572
  352.5658  472.3700 -1229.0796    0.7387   -0.6572   -0.1496
  350.7950  508.7436 -1237.0216    0.7450   -0.6481   -0.1577
  383.1717  514.8093 -1241.3402    0.6864   -0.7011   -0.1932
  412.2533  510.2202 -1237.1869    0.7038   -0.6926   -0.1581
  309.0921  479.8698 -1263.0345    0.5998   -0.7769   -0.1912
  329.8804  492.8232 -1271.0951    0.6285   -0.7444   -0.2254
  338.0258  509.5186 -1273.8405    0.6567   -0.7131   -0.2454
  359.8795  531.1844 -1277.6667    0.6940   -0.6632   -0.2803
  376.0123  545.3103 -1281.5636    0.7039   -0.6499   -0.2866
  310.6717  463.2957 -1323.4877    0.6349   -0.7348   -0.2388
  314.8228  488.5085 -1328.6140    0.6596   -0.7020   -0.2684
  310.9339  511.6347 -1340.9805    0.6565   -0.6956   -0.2918
  337.6067  531.2150 -1337.9214    0.7048   -0.6451   -0.2951
  354.6418  551.5809 -1339.2789    0.7402   -0.6027   -0.2979
  304.2307  460.6223 -1385.4252    0.6813   -0.6580   -0.3207
  302.3651  487.6007 -1384.0016    0.6953   -0.6496   -0.3074
  293.7932  513.7885 -1387.5747    0.6850   -0.6570   -0.3150
  323.4254  536.4493 -1392.2581    0.7149   -0.6164   -0.3301
  348.1002  539.8942 -1394.9529    0.7057   -0.6313   -0.3216
  302.1052  467.9868 -1424.5933    0.7602   -0.5724   -0.3073
  293.5879  488.7115 -1422.0466    0.7453   -0.5932   -0.3044
  279.5664  513.3731 -1418.4534    0.7290   -0.6095   -0.3116
  289.5981  534.0819 -1424.9214    0.7365   -0.5953   -0.3212
  304.6248  562.0445 -1430.6392    0.7535   -0.5687   -0.3299
  291.6850  471.6014 -1465.7126    0.9885   -0.0036   -0.1510
  288.5110  487.2121 -1464.6157    0.9927    0.0131   -0.1195
  262.3717  509.3678 -1452.3618    0.9984   -0.0304   -0.0474
  269.0701  535.8094 -1469.1598    0.8376   -0.5401   -0.0817
  291.8958  550.5872 -1474.4514    0.8303   -0.5501   -0.0898
  258.5182  476.3641 -1522.6670    0.9408    0.1141   -0.3192
  239.7238  488.8051 -1514.9515    0.9579    0.0442   -0.2836
  220.4099  505.4033 -1523.8047    0.9166   -0.3183   -0.2418
  235.4913  525.5585 -1537.4507    0.7165   -0.6156   -0.3281
  258.1745  516.8044 -1547.9166    0.0154   -0.9991   -0.0403
  197.0529  475.0072 -1579.8135    0.7103   -0.5795   -0.3996
  195.7705  495.3801 -1579.5293    0.6933   -0.5917   -0.4113
  197.6348  505.2804 -1582.2495    0.6577   -0.6300   -0.4130
  207.7862  520.8715 -1583.8013    0.6306   -0.6484   -0.4265
  223.0529  526.4477 -1586.6301    0.6455   -0.6453   -0.4085
  140.3633  494.9028 -1690.3673    0.5230   -0.6491   -0.5524
