% Ascii stylus data file created by FastSCAN V4.0.7 on Tue May 18 08:56:28 2021
% raw surface, 86 visible points, bounding box reference
% x y z dx dy dz
  908.7450  -75.1794 -1543.3938    0.6111   -0.6299   -0.4793
  894.6599  -35.0458 -1572.1416    0.6427   -0.4389   -0.6279
  892.9600  -22.0644 -1580.9548    0.5938   -0.4858   -0.6414
  911.4908  -22.5197 -1575.3953    0.5750   -0.5541   -0.6019
  941.2198  -32.9725 -1562.4895    0.4890   -0.6846   -0.5406
  862.0667  -69.4986 -1574.7675    0.0617   -0.9492   -0.3086
  872.6263  -53.5932 -1586.8062    0.1190   -0.9153   -0.3848
  880.5002  -27.9396 -1599.9885    0.1236   -0.9001   -0.4177
  893.8380  -28.8665 -1624.3528    0.1799   -0.8734   -0.4526
  902.4692  -15.6069 -1653.9835    0.1929   -0.8620   -0.4688
  827.6725  -42.4042 -1619.9674    0.0079   -0.8732   -0.4873
  845.1063  -33.1064 -1625.7826    0.0705   -0.8440   -0.5317
  848.8864  -10.3007 -1636.2571    0.0580   -0.8344   -0.5481
  865.8173   -2.3724 -1655.9945    0.0870   -0.8071   -0.5840
  876.0190   13.2490 -1673.4989    0.1041   -0.7769   -0.6209
  827.2854  -47.4701 -1649.1024    0.4876   -0.5174   -0.7033
  831.8962  -20.7100 -1645.0168    0.4732   -0.4570   -0.7531
  830.4469    8.9042 -1641.4122    0.4557   -0.4510   -0.7674
  854.7683   17.8509 -1650.7510    0.4722   -0.4417   -0.7628
  866.3488   40.5107 -1663.9944    0.4637   -0.4068   -0.7870
  804.0619  -27.7384 -1667.4117    0.3628   -0.4408   -0.8210
  811.5204   -6.6127 -1661.4629    0.3782   -0.4204   -0.8248
  818.7306   16.1986 -1650.5116    0.3768   -0.4492   -0.8101
  832.2645   38.9039 -1662.7605    0.3929   -0.3927   -0.8315
  841.6963   62.8727 -1661.0732    0.3715   -0.3845   -0.8451
  768.3152    5.3564 -1673.4736    0.0811   -0.4353   -0.8966
  776.2943   31.8094 -1681.6763    0.0924   -0.3942   -0.9144
  787.0460   49.4019 -1684.1353    0.1203   -0.3737   -0.9197
  794.7856   72.1219 -1703.1637    0.1642   -0.3142   -0.9351
  796.2911   96.3202 -1713.4988    0.1610   -0.2771   -0.9473
  731.7549   52.9114 -1683.1934   -0.6218   -0.7157   -0.3180
  746.9152   61.2533 -1704.5273   -0.5203   -0.7443   -0.4187
  749.8203   68.6203 -1728.5703   -0.5045   -0.7357   -0.4519
  755.5049   69.6414 -1749.6700   -0.4568   -0.7561   -0.4687
  761.7128   70.9586 -1770.3118   -0.4306   -0.7536   -0.4967
  694.8046   79.6226 -1713.3647   -0.5729   -0.7412   -0.3498
  705.3503   77.5043 -1728.7222   -0.5404   -0.7330   -0.4131
  716.8503   99.3386 -1740.2396   -0.5323   -0.7192   -0.4465
  721.7037   95.7304 -1761.6001   -0.5107   -0.7091   -0.4861
  726.5967   86.9687 -1785.3506   -0.4831   -0.7057   -0.5183
  669.8456  102.5669 -1719.5486   -0.6421   -0.6393   -0.4232
  685.8342  114.0330 -1733.4332   -0.6168   -0.6326   -0.4684
  696.9324  124.5834 -1751.5001   -0.5951   -0.6303   -0.4986
  687.4568  118.7394 -1778.6958   -0.6119   -0.6483   -0.4531
  680.4509  105.4513 -1801.0299   -0.6185   -0.6883   -0.3791
  652.9419  138.5417 -1727.5374   -0.7279   -0.5853   -0.3571
  655.1321  144.0736 -1752.9084   -0.7027   -0.5856   -0.4041
  667.5470  150.3807 -1770.8262   -0.6832   -0.5741   -0.4513
  655.9628  140.3949 -1796.7983   -0.7457   -0.6471   -0.1589
  644.7056  125.5258 -1812.5421   -0.7168   -0.6946   -0.0606
  628.2871  166.5930 -1740.9541   -0.7878   -0.5450   -0.2868
  637.1566  173.5124 -1759.9724   -0.7780   -0.5316   -0.3348
  643.7887  173.8932 -1782.3989   -0.7548   -0.5541   -0.3511
  633.2527  163.8083 -1801.0023   -0.7567   -0.5909   -0.2798
  622.1359  155.4664 -1824.3529   -0.7478   -0.6319   -0.2038
  608.6923  217.9290 -1759.0483   -0.8475   -0.4651   -0.2557
  603.9739  207.3058 -1784.3679   -0.8323   -0.5092   -0.2189
  607.3213  199.2098 -1798.7626   -0.8154   -0.5233   -0.2475
  597.8058  188.0340 -1816.2380   -0.7908   -0.5874   -0.1719
  592.6643  180.6928 -1833.6072   -0.7505   -0.6426   -0.1544
  564.2633  254.2454 -1792.2067   -0.8875   -0.4522    0.0883
  557.7303  237.3831 -1808.6312   -0.8721   -0.4847    0.0673
  557.4004  230.3427 -1815.3114   -0.8571   -0.5133    0.0442
  546.4825  215.2375 -1824.9521   -0.7802   -0.5986    0.1815
  536.8290  200.6437 -1836.6963   -0.7332   -0.6560    0.1792
  511.9394  283.7469 -1818.7198   -0.9286   -0.2830    0.2400
  505.5473  269.2181 -1826.9131   -0.8950   -0.2763    0.3502
  495.0110  258.5997 -1837.2595   -0.7975   -0.2012    0.5688
  487.5801  249.8206 -1827.1716   -0.7320   -0.2321    0.6405
  478.9707  234.0724 -1831.5062   -0.6941   -0.3312    0.6391
  454.0212  311.5134 -1855.8506   -0.4419    0.5681    0.6943
  442.8606  300.5231 -1845.5034   -0.4399    0.5281    0.7263
  436.3404  294.1884 -1844.4117   -0.4440    0.5065    0.7391
  429.3896  286.7319 -1828.5698   -0.3905    0.4807    0.7852
  425.7846  282.0221 -1823.8784   -0.3775    0.4466    0.8112
  380.4723  327.9103 -1868.6754   -0.5044    0.2558    0.8247
  375.6174  315.3445 -1862.3579   -0.5110    0.2599    0.8193
  371.8171  311.1919 -1858.6906   -0.5319    0.2604    0.8058
  366.8065  305.9126 -1846.7738   -0.4948    0.2845    0.8211
  365.1619  299.4280 -1841.2561   -0.4901    0.3024    0.8175
  314.6991  346.0121 -1861.9512   -0.2912    0.0414    0.9558
  313.5375  341.6206 -1861.3912   -0.3113    0.0783    0.9471
  313.4270  338.8354 -1860.2448   -0.2960    0.1022    0.9497
  310.3362  337.7008 -1860.9559   -0.3044    0.1087    0.9463
  311.2030  333.3937 -1859.3352   -0.3017    0.1098    0.9471
  318.9861  329.3522 -1789.2417   -0.8951    0.1973   -0.3999
