% Ascii stylus data file created by FastSCAN V4.0.7 on Tue May 18 10:15:08 2021
% raw surface, 56 visible points, bounding box reference
% x y z dx dy dz
  640.1156  589.5067 -1617.8883    0.6579    0.6468   -0.3857
  626.1484  591.4886 -1624.3162    0.6347    0.6356   -0.4396
  609.9684  601.3846 -1625.1455    0.6460    0.6028   -0.4682
  618.5264  617.6921 -1614.3949    0.7061    0.5329   -0.4663
  627.5157  631.4376 -1604.9250    0.7098    0.5079   -0.4881
  645.3821  575.3927 -1652.9729    0.6506    0.4404   -0.6187
  623.1626  587.2578 -1652.0165    0.5927    0.4916   -0.6380
  596.0294  604.3915 -1642.2177    0.5494    0.5473   -0.6314
  608.7025  628.5614 -1643.1681    0.6293    0.3616   -0.6879
  604.2280  650.9915 -1652.5134    0.6044    0.4134   -0.6811
  551.0802  570.0641 -1681.0547    0.4842   -0.0846   -0.8709
  562.9985  586.8472 -1686.4429    0.4764   -0.0825   -0.8753
  559.7090  608.6658 -1679.7861    0.4934    0.0651   -0.8674
  564.0682  625.5590 -1678.1559    0.4944    0.1828   -0.8498
  548.7906  641.1023 -1662.7122    0.4616    0.2665   -0.8461
  524.7797  570.0975 -1735.5096    0.7304   -0.0354   -0.6821
  525.6339  591.1102 -1730.5845    0.7098    0.0534   -0.7024
  512.7238  609.3126 -1725.2458    0.6848    0.1027   -0.7215
  524.1138  628.8295 -1725.9739    0.6845    0.1301   -0.7173
  528.7816  647.8605 -1724.6367    0.6618    0.2061   -0.7208
  478.8098  572.3227 -1794.7148    0.5317    0.3043   -0.7904
  468.9276  589.5325 -1782.9226    0.5109    0.3584   -0.7814
  461.5391  605.5793 -1769.1661    0.5152    0.4048   -0.7554
  465.5241  622.5750 -1757.2828    0.5196    0.4598   -0.7202
  457.4814  641.4183 -1738.2849    0.5130    0.5133   -0.6880
  419.9525  574.2004 -1795.4961    0.4795    0.2810   -0.8313
  430.0345  597.4284 -1796.0399    0.4918    0.2870   -0.8220
  422.5891  608.2670 -1792.8395    0.4703    0.3155   -0.8242
  430.7056  627.5848 -1783.6726    0.5032    0.3558   -0.7875
  432.1069  647.2015 -1765.3821    0.5241    0.4104   -0.7463
  380.7715  574.1321 -1846.8055    0.4409    0.2162   -0.8712
  372.3511  598.5657 -1829.6970    0.4301    0.2896   -0.8551
  363.9326  608.5192 -1821.9807    0.4260    0.3088   -0.8504
  365.9224  623.9389 -1811.6686    0.4341    0.3576   -0.8269
  365.8488  642.7556 -1797.8866    0.4387    0.4073   -0.8010
  353.5631  583.9679 -1869.8302    0.3790    0.6000   -0.7045
  343.5946  588.5917 -1853.7908    0.3668    0.6390   -0.6761
  331.7129  598.2603 -1837.6880    0.3403    0.6756   -0.6540
  325.3384  602.4934 -1826.8240    0.3344    0.7025   -0.6283
  313.0847  607.5068 -1804.6416    0.3165    0.7354   -0.5992
  303.6576  598.7488 -1893.2644    0.3000    0.7500   -0.5895
  300.8117  597.5855 -1875.6659    0.3016    0.7694   -0.5631
  284.8205  595.3533 -1859.2074    0.3160    0.7771   -0.5442
  285.8200  606.6665 -1839.5168    0.3123    0.8196   -0.4803
  273.6461  620.1766 -1826.1667    0.2902    0.8447   -0.4497
  238.1896  617.4003 -1905.6326    0.0818    0.8270    0.5562
  232.6660  601.9306 -1901.5994    0.1005    0.8400    0.5333
  220.9669  589.3270 -1889.7283    0.1146    0.8332    0.5410
  210.1413  589.5565 -1879.4641    0.1368    0.8426    0.5209
  195.5890  576.7967 -1870.0232    0.1490    0.8386    0.5239
  171.1739  622.7986 -1906.6296    0.2483    0.3123    0.9170
  165.7898  605.5123 -1908.6819    0.2918    0.3356    0.8957
  164.7812  594.7571 -1913.4775    0.3259    0.3756    0.8676
  154.6048  582.5259 -1918.3450    0.3394    0.4065    0.8483
  145.3993  572.3250 -1917.5173    0.3613    0.4369    0.8238
   12.6456  591.8274 -1914.1079    0.4493   -0.8533    0.2645
