% Ascii stylus data file created by FastSCAN V4.0.7 on Tue May 18 09:24:54 2021
% raw surface, 81 visible points, bounding box reference
% x y z dx dy dz
  548.7777   64.3318 -1140.0732    0.7208    0.3442   -0.6017
  536.8992   69.3483 -1154.4636    0.6662    0.3722   -0.6463
  523.4534   77.6706 -1158.9028    0.6360    0.3962   -0.6622
  531.4796   97.4564 -1143.8594    0.6500    0.4210   -0.6327
  534.1272  111.7280 -1127.9319    0.5480    0.2061   -0.8107
  551.9437   59.1038 -1179.6639    0.8290    0.4983   -0.2539
  538.3751   67.3897 -1175.3016    0.8051    0.5251   -0.2758
  515.2666   77.9945 -1171.2648    0.7627    0.5535   -0.3345
  522.3398  103.2906 -1169.6595    0.8902    0.0803   -0.4485
  525.8120  124.4217 -1171.1394    0.8783    0.1402   -0.4571
  528.7228   61.5000 -1207.2208    0.7269    0.4765   -0.4945
  520.9247   72.0811 -1197.7169    0.7194    0.4919   -0.4905
  500.3193   81.1097 -1190.5841    0.6800    0.4979   -0.5382
  506.4559   99.3698 -1189.6372    0.6790    0.4826   -0.5533
  500.6900  115.6437 -1187.9768    0.6479    0.5259   -0.5511
  514.8853   77.4350 -1237.4363    0.5723    0.7200   -0.3924
  500.1064   71.8397 -1226.9480    0.5699    0.7054   -0.4214
  481.5932   76.3506 -1210.3552    0.5820    0.6881   -0.4334
  479.9361   94.3092 -1215.0948    0.6013    0.6475   -0.4682
  470.9989  112.4050 -1208.6780    0.5670    0.6830   -0.4605
  479.7412   59.9283 -1266.9982    0.4635    0.6367   -0.6162
  470.9225   68.5156 -1247.7268    0.4784    0.6556   -0.5843
  452.6239   72.6161 -1237.9382    0.4728    0.6569   -0.5873
  457.4856   99.2342 -1239.2209    0.7898   -0.0180   -0.6131
  463.2671  116.4787 -1240.8839    0.7990    0.0366   -0.6002
  455.6745   46.7554 -1273.5266    0.4104    0.4657   -0.7840
  449.5230   60.5402 -1262.0262    0.4315    0.5029   -0.7489
  438.3345   71.7163 -1252.3903    0.4408    0.5078   -0.7402
  450.8836   98.6329 -1252.9020    0.7520   -0.1828   -0.6333
  459.7446  111.7381 -1257.8530    0.7631   -0.1457   -0.6297
  418.3627   35.8078 -1289.2219    0.5815    0.4227   -0.6951
  413.4137   54.0893 -1280.5911    0.5720    0.4576   -0.6807
  404.8942   66.6183 -1277.0471    0.5504    0.4746   -0.6869
  417.9145   89.7303 -1275.3374    0.6045   -0.1889   -0.7739
  427.6555  100.2720 -1283.2494    0.5548   -0.2877   -0.7807
  394.5490   35.5533 -1314.6033    0.4776    0.5560   -0.6802
  386.5462   46.6140 -1301.3384    0.4849    0.5658   -0.6668
  379.6493   64.3475 -1292.4333    0.4571    0.5476   -0.7009
  382.9490   79.1276 -1288.2141    0.4421    0.5426   -0.7142
  377.9192   92.7570 -1288.8210    0.4183    0.5357   -0.7335
  388.0210   39.8194 -1318.8640    0.4320    0.5129   -0.7418
  371.2713   51.1444 -1302.3856    0.4108    0.5435   -0.7320
  362.8925   60.7362 -1296.4241    0.4006    0.5459   -0.7359
  366.9148   74.3356 -1292.0953    0.3998    0.5526   -0.7313
  369.0419   94.4831 -1288.2261    0.3922    0.5527   -0.7353
  366.1488   43.1676 -1330.3862    0.4052    0.5040   -0.7627
  354.8572   47.6355 -1313.2648    0.3907    0.5142   -0.7635
  347.2707   60.1845 -1299.5403    0.3728    0.5143   -0.7723
  344.2369   69.8375 -1292.6028    0.3544    0.5301   -0.7704
  341.9865   93.6593 -1282.3167    0.3308    0.5425   -0.7722
  324.0841   38.4024 -1335.5325    0.2539    0.5578   -0.7902
  318.7204   40.9742 -1319.4943    0.2535    0.5571   -0.7908
  309.3601   58.5799 -1301.5457    0.4604    0.0718   -0.8848
  315.0361   73.0938 -1300.9530    0.5065    0.2346   -0.8297
  310.7558   81.7682 -1283.6200    0.5063    0.2596   -0.8224
  283.4652   21.4103 -1326.5687    0.1409    0.5011   -0.8538
  281.9470   36.3045 -1308.8035    0.1520    0.5310   -0.8336
  284.8069   52.7975 -1299.7751    0.3437   -0.0788   -0.9358
  284.8159   75.1558 -1309.7019    0.3250   -0.0809   -0.9422
  282.0000   89.7468 -1310.1370    0.3095   -0.0585   -0.9491
  222.4941    8.3205 -1291.4258   -0.0205   -0.2325   -0.9724
  224.4187   27.3119 -1286.6317    0.0011   -0.1746   -0.9846
  217.8427   44.5912 -1281.2217   -0.0023   -0.1548   -0.9879
  216.4431   56.4437 -1294.6703   -0.0055   -0.2558   -0.9667
  197.5074   51.9990 -1304.7229    0.1098   -0.7406   -0.6629
  177.1377   13.7960 -1280.4744    0.0106    0.5118   -0.8591
  187.4167   30.3497 -1268.2429    0.0613    0.4918   -0.8685
  185.8173   44.2678 -1264.9208    0.0343   -0.1798   -0.9831
  169.4460   59.1029 -1278.2810    0.0630   -0.3724   -0.9259
  168.6674   46.0983 -1288.6984    0.1673   -0.6100   -0.7746
  125.0814   16.8338 -1233.0164    0.0867    0.8692   -0.4868
  132.5548   21.9875 -1226.9313    0.0931    0.8588   -0.5038
  139.1296   40.8440 -1217.9651    0.0289    0.8381   -0.5447
  130.0997   46.4047 -1224.0687    0.0540   -0.8344   -0.5485
  118.2570   47.5362 -1239.3309    0.0328   -0.8099   -0.5857
   72.4902   33.6339 -1154.2567    0.9725    0.2326    0.0145
   81.2289   25.4593 -1152.8052    0.2789    0.9371   -0.2099
   87.5493   34.8760 -1149.2202   -0.4418    0.5609   -0.7001
   77.9064   45.2288 -1139.3931    0.2071   -0.8237   -0.5279
   73.6201   38.9112 -1143.4951    0.1950   -0.8274   -0.5267
   20.2372   36.2575 -1022.3217    0.3491    0.1793   -0.9198
